% UTC time [yyyy-mm-ddThh:mm:ss.mmmuuunnnZ]     DSL-X offset    DSL-Y offset	-dt	+dt, TAB separated
2015-01-01T00:00:00.000000000Z	2.20	0.00	-0.000005	0.000005
2015-07-28T13:39:24.000000000Z	1.27	-0.05	-0.000005	0.000005
2015-07-31T13:18:54.000000000Z	1.15	-0.34	-0.000005	0.000005
2015-08-01T13:11:54.000000000Z	1.24	-0.37	-0.000005	0.000005
2015-08-02T13:04:54.000000000Z	1.14	-0.34	-0.000005	0.000005
2015-08-03T12:58:04.000000000Z	1.71	-0.40	-0.000005	0.000005
2015-08-04T12:51:04.000000000Z	1.84	-0.40	-0.000005	0.000005
2015-08-05T12:44:14.000000000Z	2.09	-0.35	-0.000005	0.000005
2015-08-06T12:37:24.000000000Z	1.95	-0.34	-0.000005	0.000005
2015-08-07T12:30:44.000000000Z	2.11	-0.35	-0.000005	0.000005
2015-08-08T12:24:04.000000000Z	1.78	-0.30	-0.000005	0.000005
2015-08-09T12:17:24.000000000Z	1.81	-0.26	-0.000005	0.000005
2015-08-10T12:10:24.000000000Z	1.52	-0.36	-0.000005	0.000005
2015-08-11T12:03:44.000000000Z	1.87	-0.25	-0.000005	0.000005
2015-08-12T11:56:54.000000000Z	1.75	-0.12	-0.000005	0.000005
2015-08-13T11:50:04.000000000Z	1.61	-0.27	-0.000005	0.000005
2015-08-14T11:43:14.000000000Z	1.77	-0.42	-0.000005	0.000005
2015-08-15T11:36:24.000000000Z	1.79	-0.02	-0.000005	0.000005
2015-08-16T11:29:24.000000000Z	1.61	-0.08	-0.000005	0.000005
2015-08-17T11:22:24.000000000Z	1.90	0.81	-0.000005	0.000005
2015-08-18T11:15:34.000000000Z	1.32	-0.09	-0.000005	0.000005
2015-08-19T11:08:34.000000000Z	1.59	-0.04	-0.000005	0.000005
2015-08-20T11:01:44.000000000Z	1.46	-0.05	-0.000005	0.000005
2015-08-21T10:54:54.000000000Z	1.46	-0.05	-0.000005	0.000005
2015-08-22T10:48:14.000000000Z	1.72	0.09	-0.000005	0.000005
2015-08-23T10:41:34.000000000Z	1.79	0.01	-0.000005	0.000005
2015-08-24T10:35:04.000000000Z	0.65	-0.04	-0.000005	0.000005
2015-08-25T10:28:24.000000000Z	1.60	0.03	-0.000005	0.000005
2015-08-26T10:21:44.000000000Z	1.78	0.15	-0.000005	0.000005
2015-08-27T10:15:04.000000000Z	1.26	0.01	-0.000005	0.000005
2015-08-28T10:08:14.000000000Z	0.99	0.47	-0.000005	0.000005
2015-08-29T10:01:14.000000000Z	1.13	-0.09	-0.000005	0.000005
2015-08-30T09:54:14.000000000Z	1.05	0.11	-0.000005	0.000005
2015-09-01T09:40:24.000000000Z	1.66	0.08	-0.000005	0.000005
2015-09-02T09:33:44.000000000Z	1.82	0.03	-0.000005	0.000005
2015-09-04T09:20:24.000000000Z	1.69	0.03	-0.000005	0.000005
2015-09-05T09:13:44.000000000Z	1.61	0.08	-0.000005	0.000005
2015-09-06T09:07:04.000000000Z	1.61	0.10	-0.000005	0.000005
2015-09-07T07:30:24.000000000Z	1.53	0.43	-0.000005	0.000005
2015-09-09T07:16:54.000000000Z	0.97	0.41	-0.000005	0.000005
2015-09-10T07:10:04.000000000Z	1.75	0.44	-0.000005	0.000005
2015-09-12T06:56:24.000000000Z	1.36	0.07	-0.000005	0.000005
2015-09-13T06:49:34.000000000Z	1.34	0.05	-0.000005	0.000005
2015-09-15T06:35:44.000000000Z	1.23	-0.03	-0.000005	0.000005
2015-09-16T06:28:54.000000000Z	1.29	-0.11	-0.000005	0.000005
2015-09-17T06:21:34.000000000Z	1.40	-0.09	-0.000005	0.000005
2015-09-18T06:15:24.000000000Z	1.20	0.28	-0.000005	0.000005
2015-09-19T06:08:54.000000000Z	1.58	0.48	-0.000005	0.000005
2015-09-20T06:12:14.000000000Z	1.22	0.10	-0.000005	0.000005
2015-09-21T06:05:44.000000000Z	1.38	0.12	-0.000005	0.000005
2015-09-22T05:59:14.000000000Z	1.49	-0.00	-0.000005	0.000005
2015-09-23T05:52:34.000000000Z	1.77	0.37	-0.000005	0.000005
2015-09-24T05:45:54.000000000Z	1.20	-0.34	-0.000005	0.000005
2015-09-25T05:39:04.000000000Z	1.55	0.23	-0.000005	0.000005
2015-09-27T05:25:24.000000000Z	1.39	-0.07	-0.000005	0.000005
2015-09-28T05:18:24.000000000Z	1.25	-0.30	-0.000005	0.000005
2015-09-29T05:11:44.000000000Z	1.29	-0.27	-0.000005	0.000005
2015-10-01T04:58:24.000000000Z	1.95	0.07	-0.000005	0.000005
2015-10-02T04:52:34.000000000Z	2.29	0.00	-0.000005	0.000005
2015-10-03T04:46:04.000000000Z	2.64	0.48	-0.000005	0.000005
2015-10-04T04:39:24.000000000Z	1.96	0.27	-0.000005	0.000005
2015-10-05T06:00:54.000000000Z	1.52	0.17	-0.000005	0.000005
2015-10-06T05:54:14.000000000Z	1.26	0.42	-0.000005	0.000005
2015-10-07T05:47:34.000000000Z	1.93	-0.19	-0.000005	0.000005
2015-10-08T05:40:54.000000000Z	2.04	0.10	-0.000005	0.000005
2015-10-09T05:34:04.000000000Z	1.63	0.21	-0.000005	0.000005
2015-10-10T05:27:24.000000000Z	1.13	-0.35	-0.000005	0.000005
2015-10-11T05:20:34.000000000Z	1.55	0.27	-0.000005	0.000005
2015-10-12T05:13:44.000000000Z	2.08	-0.41	-0.000005	0.000005
2015-10-13T05:06:54.000000000Z	2.31	0.27	-0.000005	0.000005
2015-10-14T05:00:14.000000000Z	1.08	-0.69	-0.000005	0.000005
2015-10-15T04:53:54.000000000Z	2.77	-0.13	-0.000005	0.000005
2015-10-16T04:47:34.000000000Z	1.65	-0.31	-0.000005	0.000005
2015-10-17T04:41:04.000000000Z	1.85	-0.45	-0.000005	0.000005
2015-10-18T04:34:44.000000000Z	2.44	-0.52	-0.000005	0.000005
2015-10-19T04:28:14.000000000Z	2.66	0.60	-0.000005	0.000005
2015-10-20T04:15:44.000000000Z	2.21	-0.32	-0.000005	0.000005
2015-10-21T04:09:14.000000000Z	2.17	-0.36	-0.000005	0.000005
2015-10-22T04:02:34.000000000Z	2.69	0.14	-0.000005	0.000005
2015-10-23T03:55:54.000000000Z	2.50	-0.08	-0.000005	0.000005
2015-10-24T03:49:04.000000000Z	2.23	-0.24	-0.000005	0.000005
2015-10-25T03:42:14.000000000Z	2.52	-0.39	-0.000005	0.000005
2015-10-26T03:35:34.000000000Z	2.39	0.43	-0.000005	0.000005
2015-10-27T03:28:54.000000000Z	1.44	-0.08	-0.000005	0.000005
2015-10-28T03:22:24.000000000Z	1.59	-0.12	-0.000005	0.000005
2015-10-29T03:15:54.000000000Z	1.75	-0.30	-0.000005	0.000005
2015-10-30T03:09:24.000000000Z	2.16	-0.16	-0.000005	0.000005
2015-10-31T03:02:54.000000000Z	2.31	0.20	-0.000005	0.000005
2015-11-01T02:56:34.000000000Z	2.00	-0.36	-0.000005	0.000005
2015-11-02T02:49:55.000000000Z	1.66	-0.19	-0.000005	0.000005
2015-11-03T02:35:24.000000000Z	2.53	-0.37	-0.000005	0.000005
2015-11-04T02:28:54.000000000Z	2.25	-0.38	-0.000005	0.000005
2015-11-05T02:22:14.000000000Z	1.81	-0.31	-0.000005	0.000005
2015-11-06T02:15:34.000000000Z	2.25	0.21	-0.000005	0.000005
2015-11-09T01:55:24.000000000Z	1.74	-0.41	-0.000005	0.000005
2015-11-10T01:48:44.000000000Z	2.12	-0.26	-0.000005	0.000005
2015-11-11T01:42:14.000000000Z	2.01	-0.08	-0.000005	0.000005
2015-11-12T01:35:44.000000000Z	1.23	-0.16	-0.000005	0.000005
2015-11-13T01:29:14.000000000Z	1.91	-0.14	-0.000005	0.000005
2015-11-14T01:22:54.000000000Z	2.15	0.08	-0.000005	0.000005
2015-11-15T01:16:34.000000000Z	2.28	-0.02	-0.000005	0.000005
2015-11-16T01:10:04.000000000Z	2.42	-0.14	-0.000005	0.000005
2015-11-17T01:05:44.000000000Z	2.48	-0.09	-0.000005	0.000005
2015-11-18T00:59:04.000000000Z	2.35	-0.20	-0.000005	0.000005
2015-11-19T00:52:34.000000000Z	2.61	-0.12	-0.000005	0.000005
2015-11-20T00:45:44.000000000Z	2.24	-0.05	-0.000005	0.000005
2015-11-21T00:39:04.000000000Z	2.09	-0.03	-0.000005	0.000005
2015-11-22T00:32:14.000000000Z	1.86	0.01	-0.000005	0.000005
2015-11-23T00:25:34.000000000Z	2.10	0.06	-0.000005	0.000005
2015-11-24T00:19:04.000000000Z	1.88	-0.01	-0.000005	0.000005
2015-11-25T00:12:24.000000000Z	1.46	0.02	-0.000005	0.000005
2015-11-26T00:05:54.000000000Z	1.44	0.03	-0.000005	0.000005
2015-11-26T23:59:34.000000000Z	1.60	-0.17	-0.000005	0.000005
2015-11-27T23:53:04.000000000Z	2.27	-0.28	-0.000005	0.000005
2015-11-28T23:46:34.000000000Z	2.62	-0.07	-0.000005	0.000005
2015-11-29T23:40:04.000000000Z	2.44	-0.18	-0.000005	0.000005
2015-11-30T23:40:34.000000000Z	1.99	0.05	-0.000005	0.000005
2015-12-01T23:33:54.000000000Z	2.02	0.00	-0.000005	0.000005
2015-12-02T23:27:14.000000000Z	1.96	0.07	-0.000005	0.000005
2015-12-03T23:20:34.000000000Z	1.98	-0.00	-0.000005	0.000005
2015-12-04T23:13:44.000000000Z	2.62	0.01	-0.000005	0.000005
2015-12-05T23:06:54.000000000Z	2.50	-0.27	-0.000005	0.000005
2015-12-06T23:00:14.000000000Z	2.41	-0.08	-0.000005	0.000005
2015-12-07T22:53:25.000000000Z	1.95	-0.14	-0.000005	0.000005
2015-12-08T22:46:54.000000000Z	2.24	0.26	-0.000005	0.000005
2015-12-09T22:40:24.000000000Z	2.97	-0.30	-0.000005	0.000005
2015-12-10T22:33:54.000000000Z	2.66	-0.22	-0.000005	0.000005
2015-12-11T22:27:24.000000000Z	2.41	-0.17	-0.000005	0.000005
2015-12-12T22:21:04.000000000Z	2.48	-0.28	-0.000005	0.000005
2015-12-13T22:14:24.000000000Z	2.25	-0.21	-0.000005	0.000005
2015-12-14T22:30:54.000000000Z	2.77	-0.12	-0.000005	0.000005
2015-12-15T22:24:14.000000000Z	1.40	-0.11	-0.000005	0.000005
2015-12-16T22:17:24.000000000Z	2.14	0.04	-0.000005	0.000005
2015-12-17T22:10:34.000000000Z	1.81	-0.05	-0.000005	0.000005
2015-12-18T22:03:44.000000000Z	2.14	-0.16	-0.000005	0.000005
2015-12-19T21:56:44.000000000Z	3.33	0.29	-0.000005	0.000005
2015-12-20T21:50:04.000000000Z	2.79	0.00	-0.000005	0.000005
2015-12-21T21:43:14.000000000Z	2.46	-0.05	-0.000005	0.000005
2015-12-22T21:36:34.000000000Z	2.59	0.02	-0.000005	0.000005
2015-12-23T21:29:54.000000000Z	2.68	-0.04	-0.000005	0.000005
2015-12-24T21:23:24.000000000Z	2.31	0.09	-0.000005	0.000005
2015-12-25T21:16:44.000000000Z	2.07	0.20	-0.000005	0.000005
2015-12-26T21:10:04.000000000Z	1.90	-0.05	-0.000005	0.000005
2015-12-27T21:03:24.000000000Z	2.12	0.07	-0.000005	0.000005
2015-12-28T21:31:34.000000000Z	1.82	-0.22	-0.000005	0.000005
2015-12-29T21:24:44.000000000Z	1.72	-0.12	-0.000005	0.000005
2015-12-30T21:17:54.000000000Z	2.23	-0.23	-0.000005	0.000005
2015-12-31T21:10:54.000000000Z	1.32	0.00	-0.000005	0.000005
2016-01-01T21:03:54.000000000Z	1.76	-0.03	-0.000005	0.000005
2016-01-02T20:57:04.000000000Z	2.36	-0.06	-0.000005	0.000005
2016-01-03T20:50:04.000000000Z	2.05	-0.35	-0.000005	0.000005
2016-01-04T20:43:14.000000000Z	2.09	0.02	-0.000005	0.000005
2016-01-05T20:36:24.000000000Z	2.26	0.33	-0.000005	0.000005
2016-01-06T20:29:34.000000000Z	2.63	-0.25	-0.000005	0.000005
2016-01-07T20:22:54.000000000Z	2.47	-0.13	-0.000005	0.000005
2016-01-08T20:16:14.000000000Z	2.22	0.02	-0.000005	0.000005
2016-01-09T20:09:34.000000000Z	2.50	0.09	-0.000005	0.000005
2016-01-10T20:02:54.000000000Z	2.54	-0.10	-0.000005	0.000005
2016-01-11T20:36:54.000000000Z	1.64	0.08	-0.000005	0.000005
2016-01-12T20:30:04.000000000Z	1.71	0.10	-0.000005	0.000005
2016-01-13T20:22:54.000000000Z	1.30	0.15	-0.000005	0.000005
2016-01-14T20:15:54.000000000Z	1.61	-0.09	-0.000005	0.000005
2016-01-15T20:08:44.000000000Z	2.07	-0.07	-0.000005	0.000005
2016-01-16T20:01:44.000000000Z	0.65	0.08	-0.000005	0.000005
2016-01-17T19:54:44.000000000Z	1.41	0.03	-0.000005	0.000005
2016-01-18T19:47:54.000000000Z	2.16	-0.01	-0.000005	0.000005
2016-01-19T19:40:44.000000000Z	2.48	0.28	-0.000005	0.000005
2016-01-20T19:33:54.000000000Z	2.07	0.01	-0.000005	0.000005
2016-01-21T19:27:04.000000000Z	2.56	-0.14	-0.000005	0.000005
2016-01-22T19:20:14.000000000Z	1.52	0.26	-0.000005	0.000005
2016-01-23T19:13:14.000000000Z	2.02	0.00	-0.000005	0.000005
2016-01-24T19:06:24.000000000Z	1.90	0.28	-0.000005	0.000005
2016-01-25T19:47:14.000000000Z	1.53	0.21	-0.000005	0.000005
2016-01-26T19:40:14.000000000Z	0.58	0.23	-0.000005	0.000005
2016-01-27T19:33:04.000000000Z	0.65	0.17	-0.000005	0.000005
2016-01-28T19:25:54.000000000Z	0.87	0.10	-0.000005	0.000005
2016-01-29T19:18:44.000000000Z	0.47	0.04	-0.000005	0.000005
2016-01-30T19:11:24.000000000Z	-0.09	0.14	-0.000005	0.000005
2016-01-31T19:04:24.000000000Z	0.81	-0.00	-0.000005	0.000005
2016-02-01T18:57:14.000000000Z	-0.01	0.05	-0.000005	0.000005
2016-02-02T18:50:14.000000000Z	1.52	-0.07	-0.000005	0.000005
2016-02-03T18:43:14.000000000Z	0.08	0.30	-0.000005	0.000005
2016-02-04T18:36:24.000000000Z	1.56	0.10	-0.000005	0.000005
2016-02-05T18:29:34.000000000Z	1.20	-0.06	-0.000005	0.000005
2016-02-06T18:22:34.000000000Z	1.63	-0.38	-0.000005	0.000005
2016-02-07T18:15:34.000000000Z	1.61	-0.18	-0.000005	0.000005
2016-02-08T18:52:34.000000000Z	0.53	0.29	-0.000005	0.000005
2016-02-09T18:45:24.000000000Z	1.18	0.13	-0.000005	0.000005
2016-02-10T18:38:04.000000000Z	0.95	-0.37	-0.000005	0.000005
2016-02-11T18:30:44.000000000Z	0.09	0.01	-0.000005	0.000005
2016-02-12T18:23:34.000000000Z	1.38	-0.54	-0.000005	0.000005
2016-02-13T18:16:14.000000000Z	0.67	-0.09	-0.000005	0.000005
2016-02-14T18:09:04.000000000Z	1.24	-0.51	-0.000005	0.000005
2016-02-15T18:02:04.000000000Z	2.11	-0.05	-0.000005	0.000005
2016-02-16T17:55:04.000000000Z	1.45	0.16	-0.000005	0.000005
2016-02-17T17:48:04.000000000Z	0.29	-0.11	-0.000005	0.000005
2016-02-18T17:41:04.000000000Z	0.65	-0.08	-0.000005	0.000005
2016-02-19T17:34:04.000000000Z	1.05	-0.28	-0.000005	0.000005
2016-02-20T17:26:54.000000000Z	0.99	-0.16	-0.000005	0.000005
2016-02-21T17:19:54.000000000Z	0.40	-0.11	-0.000005	0.000005
2016-02-22T18:07:44.000000000Z	0.59	-0.10	-0.000005	0.000005
2016-02-23T18:00:24.000000000Z	1.08	-0.18	-0.000005	0.000005
2016-02-24T17:53:14.000000000Z	-0.12	-0.00	-0.000005	0.000005
2016-02-25T17:45:54.000000000Z	0.29	-0.19	-0.000005	0.000005
2016-02-26T17:38:34.000000000Z	0.47	-0.13	-0.000005	0.000005
2016-02-27T17:31:14.000000000Z	0.40	-0.04	-0.000005	0.000005
2016-02-28T17:24:04.000000000Z	0.73	-0.03	-0.000005	0.000005
2016-02-29T17:16:54.000000000Z	-0.00	0.10	-0.000005	0.000005
2016-03-01T17:09:54.000000000Z	1.26	-0.23	-0.000005	0.000005
2016-03-02T17:02:54.000000000Z	0.96	-0.13	-0.000005	0.000005
2016-03-03T16:55:54.000000000Z	0.99	-0.04	-0.000005	0.000005
2016-03-04T16:48:54.000000000Z	1.05	-0.05	-0.000005	0.000005
2016-03-06T16:34:54.000000000Z	1.40	0.03	-0.000005	0.000005
2016-03-07T16:57:44.000000000Z	-0.08	0.25	-0.000005	0.000005
2016-09-26T12:50:14.000000000Z	0.37	-0.06	-0.000005	0.000005
2016-09-27T12:45:14.000000000Z	0.79	-0.25	-0.000005	0.000005
2016-09-28T12:35:14.000000000Z	0.68	-0.00	-0.000005	0.000005
2016-09-29T12:30:14.000000000Z	0.64	-0.11	-0.000005	0.000005
2016-09-30T12:25:14.000000000Z	0.68	-0.13	-0.000005	0.000005
2016-10-01T12:15:14.000000000Z	0.81	-0.22	-0.000005	0.000005
2016-10-02T12:10:14.000000000Z	0.67	-0.28	-0.000005	0.000005
2016-10-03T12:00:04.000000000Z	0.92	-0.35	-0.000005	0.000005
2016-10-04T11:55:04.000000000Z	0.96	-0.15	-0.000005	0.000005
2016-10-05T11:50:14.000000000Z	0.91	-0.25	-0.000005	0.000005
2016-10-06T11:40:14.000000000Z	1.27	-0.12	-0.000005	0.000005
2016-10-07T11:35:04.000000000Z	1.43	-0.25	-0.000005	0.000005
2016-10-08T11:25:04.000000000Z	1.55	-0.16	-0.000005	0.000005
2016-10-09T11:20:14.000000000Z	1.14	-0.31	-0.000005	0.000005
2016-10-10T11:15:05.000000000Z	1.20	-0.18	-0.000005	0.000005
2016-10-11T11:05:04.000000000Z	1.14	-0.25	-0.000005	0.000005
2016-10-12T11:00:14.000000000Z	1.13	-0.33	-0.000005	0.000005
2016-10-13T10:55:04.000000000Z	0.98	-0.22	-0.000005	0.000005
2016-10-14T10:45:04.000000000Z	0.79	-0.45	-0.000005	0.000005
2016-10-15T10:40:04.000000000Z	0.83	-0.26	-0.000005	0.000005
2016-10-16T10:30:04.000000000Z	1.08	0.34	-0.000005	0.000005
2016-10-17T10:25:04.000000000Z	0.81	-0.11	-0.000005	0.000005
2016-10-18T10:15:04.000000000Z	1.18	-0.05	-0.000005	0.000005
2016-10-19T10:10:04.000000000Z	1.52	-0.30	-0.000005	0.000005
2016-10-20T10:05:04.000000000Z	1.37	-0.21	-0.000005	0.000005
2016-10-21T09:55:04.000000000Z	1.43	-0.21	-0.000005	0.000005
2016-10-22T09:50:04.000000000Z	1.03	-0.08	-0.000005	0.000005
2016-10-23T09:40:04.000000000Z	1.20	-0.24	-0.000005	0.000005
2016-10-24T09:35:04.000000000Z	1.64	-0.31	-0.000005	0.000005
2016-10-25T09:30:04.000000000Z	2.39	-0.55	-0.000005	0.000005
2016-10-26T09:19:54.000000000Z	1.05	-0.58	-0.000005	0.000005
2016-10-27T09:15:04.000000000Z	0.71	-0.57	-0.000005	0.000005
2016-10-28T09:04:54.000000000Z	1.45	0.17	-0.000005	0.000005
2016-10-29T09:00:04.000000000Z	1.70	0.21	-0.000005	0.000005
2016-10-30T08:55:04.000000000Z	0.43	-0.33	-0.000005	0.000005
2016-10-31T08:44:54.000000000Z	1.41	0.00	-0.000005	0.000005
2016-11-01T08:39:54.000000000Z	1.19	-0.33	-0.000005	0.000005
2016-11-02T08:30:04.000000000Z	1.23	-0.52	-0.000005	0.000005
2016-11-03T08:24:54.000000000Z	0.93	-0.39	-0.000005	0.000005
2016-11-04T08:19:54.000000000Z	1.07	-0.16	-0.000005	0.000005
2016-11-05T08:09:54.000000000Z	1.03	-0.24	-0.000005	0.000005
2016-11-06T08:04:54.000000000Z	0.97	-0.20	-0.000005	0.000005
2016-11-07T07:59:54.000000000Z	0.83	0.02	-0.000005	0.000005
2016-11-08T07:49:54.000000000Z	0.94	-0.20	-0.000005	0.000005
2016-11-09T07:44:54.000000000Z	1.04	-0.20	-0.000005	0.000005
2016-11-10T07:34:54.000000000Z	2.27	-0.42	-0.000005	0.000005
2016-11-11T07:29:54.000000000Z	2.48	-0.19	-0.000005	0.000005
2016-11-12T07:19:54.000000000Z	2.80	-0.02	-0.000005	0.000005
2016-11-13T07:14:54.000000000Z	1.50	-0.12	-0.000005	0.000005
2016-11-14T07:09:54.000000000Z	0.70	-0.42	-0.000005	0.000005
2016-11-15T06:59:54.000000000Z	0.87	-0.35	-0.000005	0.000005
2016-11-16T06:54:54.000000000Z	1.34	-0.01	-0.000005	0.000005
2016-11-17T06:44:54.000000000Z	1.61	0.36	-0.000005	0.000005
2016-11-18T06:39:54.000000000Z	1.50	0.34	-0.000005	0.000005
2016-11-19T06:34:54.000000000Z	1.29	-0.23	-0.000005	0.000005
2016-11-20T06:24:54.000000000Z	1.33	-0.20	-0.000005	0.000005
2016-11-21T06:19:44.000000000Z	1.56	-0.26	-0.000005	0.000005
2016-11-22T06:14:44.000000000Z	2.00	-0.30	-0.000005	0.000005
2016-11-23T06:04:54.000000000Z	1.26	-0.29	-0.000005	0.000005
2016-11-24T05:59:54.000000000Z	2.29	-0.43	-0.000005	0.000005
2016-11-25T05:49:54.000000000Z	1.49	0.07	-0.000005	0.000005
2016-11-26T05:44:54.000000000Z	1.87	0.17	-0.000005	0.000005
2016-11-27T05:34:54.000000000Z	1.94	0.21	-0.000005	0.000005
2016-11-28T05:29:54.000000000Z	1.78	-0.15	-0.000005	0.000005
2016-11-29T05:24:44.000000000Z	1.79	-0.07	-0.000005	0.000005
2016-11-30T05:14:54.000000000Z	1.53	-0.07	-0.000005	0.000005
2016-12-01T05:09:44.000000000Z	1.81	-0.08	-0.000005	0.000005
2016-12-02T04:59:44.000000000Z	1.56	-0.17	-0.000005	0.000005
2016-12-03T04:54:44.000000000Z	1.20	-0.22	-0.000005	0.000005
2016-12-04T04:49:44.000000000Z	0.64	-0.24	-0.000005	0.000005
2016-12-05T04:39:44.000000000Z	1.45	-0.20	-0.000005	0.000005
2016-12-06T04:34:44.000000000Z	1.72	-0.25	-0.000005	0.000005
2016-12-07T04:29:44.000000000Z	1.96	-0.25	-0.000005	0.000005
2016-12-08T04:19:44.000000000Z	2.08	-0.25	-0.000005	0.000005
2016-12-09T04:14:44.000000000Z	2.20	-0.25	-0.000005	0.000005
2016-12-10T04:04:44.000000000Z	1.75	-0.05	-0.000005	0.000005
2016-12-11T03:59:44.000000000Z	1.54	-0.26	-0.000005	0.000005
2016-12-12T03:54:44.000000000Z	2.29	0.13	-0.000005	0.000005
2016-12-13T03:44:44.000000000Z	1.79	0.08	-0.000005	0.000005
2016-12-14T03:39:44.000000000Z	1.39	-0.05	-0.000005	0.000005
2016-12-15T03:29:44.000000000Z	1.51	-0.09	-0.000005	0.000005
2016-12-16T03:24:44.000000000Z	1.49	-0.10	-0.000005	0.000005
2016-12-17T03:19:44.000000000Z	1.49	-0.19	-0.000005	0.000005
2016-12-18T03:09:34.000000000Z	2.22	-0.23	-0.000005	0.000005
2016-12-19T03:04:44.000000000Z	1.31	-0.22	-0.000005	0.000005
2016-12-20T02:54:44.000000000Z	1.67	-0.20	-0.000005	0.000005
2016-12-21T02:49:43.000000000Z	2.20	-0.23	-0.000005	0.000005
2016-12-22T02:44:44.000000000Z	2.12	-0.29	-0.000005	0.000005
2016-12-23T02:34:44.000000000Z	1.94	-0.36	-0.000005	0.000005
2016-12-24T02:29:44.000000000Z	1.87	0.03	-0.000005	0.000005
2016-12-25T02:19:44.000000000Z	1.99	-0.15	-0.000005	0.000005
2016-12-26T02:14:44.000000000Z	2.15	-0.18	-0.000005	0.000005
2016-12-27T02:09:44.000000000Z	1.62	-0.11	-0.000005	0.000005
2016-12-28T01:59:44.000000000Z	1.32	-0.21	-0.000005	0.000005
2016-12-29T01:54:44.000000000Z	1.59	-0.17	-0.000005	0.000005
2016-12-30T01:49:34.000000000Z	1.28	-0.20	-0.000005	0.000005
2016-12-31T01:39:44.000000000Z	0.96	-0.20	-0.000005	0.000005
2017-01-01T01:34:33.000000000Z	2.39	-0.33	-0.000005	0.000005
2017-01-02T01:24:43.000000000Z	1.58	-0.29	-0.000005	0.000005
2017-01-03T01:19:33.000000000Z	1.93	-0.22	-0.000005	0.000005
2017-01-04T01:14:33.000000000Z	2.45	-0.11	-0.000005	0.000005
2017-01-05T01:04:43.000000000Z	2.14	-0.08	-0.000005	0.000005
2017-01-06T00:59:33.000000000Z	1.84	-0.11	-0.000005	0.000005
2017-01-07T00:49:33.000000000Z	1.67	-0.22	-0.000005	0.000005
2017-01-08T00:44:33.000000000Z	1.95	-0.23	-0.000005	0.000005
2017-01-09T00:39:33.000000000Z	1.39	-0.07	-0.000005	0.000005
2017-01-10T00:34:33.000000000Z	1.76	-0.08	-0.000005	0.000005
2017-01-11T00:29:33.000000000Z	1.57	-0.04	-0.000005	0.000005
2017-01-12T00:19:33.000000000Z	1.53	-0.15	-0.000005	0.000005
2017-01-13T00:14:33.000000000Z	1.62	-0.12	-0.000005	0.000005
2017-01-14T00:09:33.000000000Z	1.77	-0.19	-0.000005	0.000005
2017-01-15T00:04:33.000000000Z	1.33	-0.14	-0.000005	0.000005
2017-01-15T23:59:33.000000000Z	1.35	-0.14	-0.000005	0.000005
2017-01-16T23:54:33.000000000Z	1.36	-0.15	-0.000005	0.000005
2017-01-17T23:44:33.000000000Z	1.56	-0.13	-0.000005	0.000005
2017-01-18T23:39:33.000000000Z	2.42	-0.24	-0.000005	0.000005
2017-01-19T23:39:33.000000000Z	2.11	-0.31	-0.000005	0.000005
2017-01-20T23:29:33.000000000Z	2.00	-0.22	-0.000005	0.000005
2017-01-21T23:24:33.000000000Z	2.19	-0.21	-0.000005	0.000005
2017-01-22T23:19:33.000000000Z	1.51	-0.06	-0.000005	0.000005
2017-01-23T23:15:23.000000000Z	1.35	-0.18	-0.000005	0.000005
2017-01-24T23:10:23.000000000Z	1.80	-0.13	-0.000005	0.000005
2017-01-25T23:05:23.000000000Z	1.72	-0.08	-0.000005	0.000005
2017-01-26T23:00:23.000000000Z	2.44	-0.28	-0.000005	0.000005
2017-01-27T22:50:23.000000000Z	2.49	-0.17	-0.000005	0.000005
2017-01-28T22:45:23.000000000Z	2.10	-0.25	-0.000005	0.000005
2017-01-29T22:45:23.000000000Z	1.91	-0.02	-0.000005	0.000005
2017-01-30T22:40:23.000000000Z	2.70	0.08	-0.000005	0.000005
2017-02-03T22:12:33.000000000Z	1.70	-0.20	-0.000005	0.000005
2017-02-04T22:05:43.000000000Z	2.46	-0.08	-0.000005	0.000005
2017-02-05T21:59:03.000000000Z	1.34	0.10	-0.000005	0.000005
2017-02-06T21:52:23.000000000Z	1.38	0.04	-0.000005	0.000005
2017-02-07T21:45:43.000000000Z	1.00	0.19	-0.000005	0.000005
2017-02-08T21:39:13.000000000Z	2.01	0.09	-0.000005	0.000005
2017-05-02T06:01:43.000000000Z	0.56	-0.22	-0.000005	0.000005
2017-05-05T01:16:43.000000000Z	0.51	-0.12	-0.000005	0.000005
2017-05-05T23:38:18.000000000Z	0.08	0.78	-0.000005	0.000005
2017-05-07T20:26:53.000000000Z	0.08	0.00	-0.000005	0.000005
2017-05-08T19:10:06.000000000Z	0.05	0.30	-0.000005	0.000005
2017-05-10T15:39:33.000000000Z	-0.03	0.10	-0.000005	0.000005
2017-05-11T14:25:10.000000000Z	-0.38	0.64	-0.000005	0.000005
2017-05-13T10:49:13.000000000Z	-0.13	0.19	-0.000005	0.000005
2017-05-14T09:39:54.000000000Z	-0.67	0.79	-0.000005	0.000005
2017-05-16T06:01:53.000000000Z	-0.07	0.27	-0.000005	0.000005
2017-05-17T05:01:29.000000000Z	0.01	0.45	-0.000005	0.000005
2017-05-19T01:18:33.000000000Z	0.78	0.05	-0.000005	0.000005
2017-05-20T00:18:43.000000000Z	1.04	0.43	-0.000005	0.000005
2017-05-21T20:28:23.000000000Z	0.64	0.35	-0.000005	0.000005
2017-05-22T19:33:05.000000000Z	0.56	0.44	-0.000005	0.000005
2017-05-24T15:41:43.000000000Z	1.09	0.20	-0.000005	0.000005
2017-05-25T14:49:43.000000000Z	0.84	0.33	-0.000005	0.000005
2017-05-27T17:48:53.000000000Z	0.82	-0.06	-0.000005	0.000005
2017-05-28T15:06:13.000000000Z	0.96	0.25	-0.000005	0.000005
2017-05-28T22:00:00.000000000Z	0.37	1.01	-20.000000	20.000000
2017-05-30T13:35:43.000000000Z	0.82	-0.13	-0.000005	0.000005
2017-05-31T10:46:19.000000000Z	0.62	0.11	-0.000005	0.000005
2017-06-02T09:30:53.000000000Z	1.34	-0.14	-0.000005	0.000005
2017-06-03T06:34:03.000000000Z	1.25	0.14	-0.000005	0.000005
2017-06-05T05:24:53.000000000Z	1.17	-0.17	-0.000005	0.000005
2017-06-06T02:18:38.000000000Z	0.98	-0.09	-0.000005	0.000005
2017-06-08T01:17:03.000000000Z	0.97	-0.34	-0.000005	0.000005
2017-06-08T21:59:38.000000000Z	0.79	-0.22	-0.000005	0.000005
2017-06-10T21:08:53.000000000Z	0.87	-0.37	-0.000005	0.000005
2017-06-11T17:41:16.000000000Z	0.87	-0.29	-0.000005	0.000005
2017-06-13T17:07:53.000000000Z	0.93	-0.39	-0.000005	0.000005
2017-06-14T13:35:13.000000000Z	0.76	-0.34	-0.000005	0.000005
2017-06-16T12:54:53.000000000Z	0.93	-0.41	-0.000005	0.000005
2017-06-17T09:21:01.000000000Z	1.11	-0.17	-0.000005	0.000005
2017-06-18T23:05:33.000000000Z	0.78	-0.34	-0.000005	0.000005
2017-06-19T22:42:21.000000000Z	0.62	-0.30	-0.000005	0.000005
2017-06-21T18:41:03.000000000Z	0.72	-0.33	-0.000005	0.000005
2017-06-22T18:20:41.000000000Z	0.60	-0.25	-0.000005	0.000005
2017-06-24T14:20:43.000000000Z	0.59	-0.27	-0.000005	0.000005
2017-06-25T14:01:17.000000000Z	0.72	-0.19	-0.000005	0.000005
2017-06-27T10:07:03.000000000Z	0.75	-0.24	-0.000005	0.000005
2017-06-28T09:48:35.000000000Z	0.55	-0.18	-0.000005	0.000005
2017-06-30T05:56:03.000000000Z	1.28	-0.26	-0.000005	0.000005
2017-07-01T05:35:47.000000000Z	1.17	-0.11	-0.000005	0.000005
2017-07-03T01:36:53.000000000Z	1.03	-0.26	-0.000005	0.000005
2017-07-04T01:19:19.000000000Z	0.84	-0.09	-0.000005	0.000005
2017-07-05T21:21:53.000000000Z	0.78	-0.19	-0.000005	0.000005
2017-07-06T21:05:40.000000000Z	0.85	-0.11	-0.000005	0.000005
2017-07-08T17:22:13.000000000Z	0.89	-0.12	-0.000005	0.000005
2017-07-09T17:03:44.000000000Z	1.00	-0.02	-0.000005	0.000005
2017-07-11T13:08:23.000000000Z	0.97	-0.15	-0.000005	0.000005
2017-07-12T12:50:22.000000000Z	0.75	-0.13	-0.000005	0.000005
2017-07-14T08:57:23.000000000Z	0.98	-0.15	-0.000005	0.000005
2017-07-15T08:39:43.000000000Z	0.80	-0.09	-0.000005	0.000005
2017-07-17T04:47:13.000000000Z	0.74	-0.13	-0.000005	0.000005
2017-07-18T04:28:31.000000000Z	0.57	-0.10	-0.000005	0.000005
2017-07-20T00:23:53.000000000Z	0.67	-0.07	-0.000005	0.000005
2017-07-21T00:04:53.000000000Z	0.47	0.07	-0.000005	0.000005
2017-07-22T20:14:23.000000000Z	0.69	-0.02	-0.000005	0.000005
2017-07-23T20:02:59.000000000Z	0.33	0.04	-0.000005	0.000005
2017-07-25T15:50:53.000000000Z	0.66	-0.01	-0.000005	0.000005
2017-07-26T15:29:41.000000000Z	0.41	-0.06	-0.000005	0.000005
2017-07-28T11:34:13.000000000Z	0.59	-0.12	-0.000005	0.000005
2017-07-29T11:11:16.000000000Z	0.48	-0.08	-0.000005	0.000005
2017-07-31T07:09:33.000000000Z	0.53	-0.14	-0.000005	0.000005
2017-08-01T06:44:42.000000000Z	0.53	-0.05	-0.000005	0.000005
2017-08-03T03:00:03.000000000Z	0.56	-0.12	-0.000005	0.000005
2017-08-04T02:31:45.000000000Z	0.49	0.01	-0.000005	0.000005
2017-08-05T22:47:03.000000000Z	0.72	-0.08	-0.000005	0.000005
2017-08-06T22:14:26.000000000Z	0.67	0.03	-0.000005	0.000005
2017-08-08T18:17:36.000000000Z	0.63	-0.09	-0.000005	0.000005
2017-08-11T13:54:27.000000000Z	0.65	-0.02	-0.000005	0.000005
2017-08-14T09:33:50.000000000Z	0.39	-0.08	-0.000005	0.000005
2017-08-17T05:05:56.000000000Z	0.81	-0.01	-0.000005	0.000005
2017-08-20T00:51:10.000000000Z	0.82	-0.00	-0.000005	0.000005
2017-08-22T20:16:21.000000000Z	1.03	-0.02	-0.000005	0.000005
2017-08-25T15:43:19.000000000Z	0.63	-0.11	-0.000005	0.000005
2017-08-28T11:01:43.000000000Z	0.75	-0.13	-0.000005	0.000005
2017-08-31T06:32:03.000000000Z	1.34	-0.10	-0.000005	0.000005
2017-09-03T01:59:43.000000000Z	1.48	-0.14	-0.000005	0.000005
2017-09-05T21:21:53.000000000Z	1.57	-0.16	-0.000005	0.000005
2017-09-08T16:36:13.000000000Z	0.74	-0.12	-0.000005	0.000005
2017-09-10T23:45:33.000000000Z	1.17	0.08	-0.000005	0.000005
2017-09-12T11:00:00.000000000Z	0.73	0.04	-20.000000	20.000000
2017-09-13T19:20:33.000000000Z	0.65	0.31	-0.000005	0.000005
2017-09-16T14:40:33.000000000Z	1.26	0.50	-0.000005	0.000005
2017-09-19T10:05:33.000000000Z	0.52	0.34	-0.000005	0.000005
2017-09-22T05:30:43.000000000Z	0.56	0.51	-0.000005	0.000005
2017-09-25T00:55:33.000000000Z	0.64	0.29	-0.000005	0.000005
2017-09-27T20:20:33.000000000Z	1.56	0.07	-0.000005	0.000005
2017-09-30T15:40:33.000000000Z	1.74	0.36	-0.000005	0.000005
2017-10-03T11:18:43.000000000Z	1.52	0.26	-0.000005	0.000005
2017-10-03T20:34:20.000000000Z	1.14	-0.04	-20.000000	20.000000
2017-10-03T20:52:30.000000000Z	1.39	0.27	-20.000000	20.000000
2017-10-04T02:27:50.000000000Z	1.02	0.02	-20.000000	20.000000
2017-10-04T02:56:55.000000000Z	1.20	0.31	-20.000000	20.000000
2017-10-06T13:53:03.000000000Z	1.49	0.51	-0.000005	0.000005
2017-10-06T16:00:55.000000000Z	0.86	0.21	-20.000000	20.000000
2017-10-06T16:04:15.000000000Z	2.04	0.44	-20.000000	20.000000
2017-10-06T21:12:40.000000000Z	0.72	0.03	-20.000000	20.000000
2017-10-06T21:35:35.000000000Z	1.07	-0.07	-20.000000	20.000000
2017-10-06T21:38:50.000000000Z	0.68	0.09	-20.000000	20.000000
2017-10-06T22:06:10.000000000Z	1.63	0.15	-20.000000	20.000000
2017-10-06T22:10:40.000000000Z	0.94	0.50	-20.000000	20.000000
2017-10-06T22:13:05.000000000Z	0.84	0.47	-20.000000	20.000000
2017-10-06T22:16:25.000000000Z	0.86	0.32	-20.000000	20.000000
2017-10-06T22:32:35.000000000Z	2.09	0.44	-20.000000	20.000000
2017-10-06T22:56:15.000000000Z	0.51	0.18	-20.000000	20.000000
2017-10-06T23:03:40.000000000Z	1.44	0.54	-20.000000	20.000000
2017-10-09T10:40:13.000000000Z	1.26	0.34	-0.000005	0.000005
2017-10-09T18:13:30.000000000Z	0.71	0.20	-20.000000	20.000000
2017-10-09T19:04:30.000000000Z	1.14	0.47	-20.000000	20.000000
2017-10-09T19:54:15.000000000Z	0.67	0.24	-20.000000	20.000000
2017-10-09T21:15:25.000000000Z	1.13	0.77	-20.000000	20.000000
2017-10-09T21:32:55.000000000Z	0.67	0.24	-20.000000	20.000000
2017-10-10T08:11:45.000000000Z	0.68	0.36	-20.000000	20.000000
2017-10-12T06:59:13.000000000Z	0.63	0.14	-0.000005	0.000005
2017-10-12T07:26:15.000000000Z	1.89	0.10	-20.000000	20.000000
2017-10-12T07:32:20.000000000Z	0.68	0.28	-20.000000	20.000000
2017-10-12T13:02:35.000000000Z	0.25	-0.13	-20.000000	20.000000
2017-10-12T13:13:30.000000000Z	0.13	0.18	-20.000000	20.000000
2017-10-12T13:23:10.000000000Z	0.20	-0.26	-20.000000	20.000000
2017-10-12T13:37:35.000000000Z	0.40	-0.04	-20.000000	20.000000
2017-10-12T13:44:00.000000000Z	0.68	0.16	-20.000000	20.000000
2017-10-12T13:50:00.000000000Z	0.43	0.08	-20.000000	20.000000
2017-10-12T13:55:20.000000000Z	2.58	0.78	-20.000000	20.000000
2017-10-12T15:00:20.000000000Z	0.57	0.33	-20.000000	20.000000
2017-10-12T15:22:30.000000000Z	1.21	0.02	-20.000000	20.000000
2017-10-12T15:37:00.000000000Z	0.58	0.45	-20.000000	20.000000
2017-10-12T17:10:50.000000000Z	2.41	0.46	-20.000000	20.000000
2017-10-12T17:15:40.000000000Z	0.72	0.84	-20.000000	20.000000
2017-10-12T17:20:10.000000000Z	2.85	0.72	-20.000000	20.000000
2017-10-12T17:22:35.000000000Z	0.77	0.94	-20.000000	20.000000
2017-10-12T17:27:30.000000000Z	2.58	0.84	-20.000000	20.000000
2017-10-12T18:58:35.000000000Z	0.67	0.40	-20.000000	20.000000
2017-10-12T19:07:20.000000000Z	2.80	1.20	-20.000000	20.000000
2017-10-12T19:14:15.000000000Z	0.62	0.47	-20.000000	20.000000
2017-10-12T19:33:20.000000000Z	1.78	0.02	-20.000000	20.000000
2017-10-12T19:39:00.000000000Z	0.63	0.34	-20.000000	20.000000
2017-10-12T20:03:30.000000000Z	1.83	-0.10	-20.000000	20.000000
2017-10-12T20:11:00.000000000Z	0.61	0.34	-20.000000	20.000000
2017-10-12T21:35:35.000000000Z	1.33	0.86	-20.000000	20.000000
2017-10-12T21:40:00.000000000Z	0.48	0.16	-20.000000	20.000000
2017-10-12T23:17:55.000000000Z	1.67	0.13	-20.000000	20.000000
2017-10-12T23:29:00.000000000Z	0.51	0.11	-20.000000	20.000000
2017-10-12T23:36:30.000000000Z	1.92	0.32	-20.000000	20.000000
2017-10-13T00:13:40.000000000Z	0.74	0.63	-20.000000	20.000000
2017-10-13T00:44:20.000000000Z	2.13	0.75	-20.000000	20.000000
2017-10-13T00:55:50.000000000Z	0.77	0.57	-20.000000	20.000000
2017-10-13T01:20:20.000000000Z	2.32	0.68	-20.000000	20.000000
2017-10-13T01:38:10.000000000Z	0.76	0.80	-20.000000	20.000000
2017-10-13T01:43:45.000000000Z	2.45	0.87	-20.000000	20.000000
2017-10-13T01:48:30.000000000Z	0.75	0.80	-20.000000	20.000000
2017-10-13T01:53:55.000000000Z	1.83	0.22	-20.000000	20.000000
2017-10-13T02:27:35.000000000Z	0.93	0.91	-20.000000	20.000000
2017-10-13T02:30:45.000000000Z	1.46	0.12	-20.000000	20.000000
2017-10-13T02:36:45.000000000Z	0.50	0.21	-20.000000	20.000000
2017-10-13T03:08:30.000000000Z	1.32	-0.14	-20.000000	20.000000
2017-10-13T03:20:10.000000000Z	0.26	0.07	-20.000000	20.000000
2017-10-13T03:27:35.000000000Z	2.26	0.49	-20.000000	20.000000
2017-10-13T07:02:10.000000000Z	0.87	0.74	-20.000000	20.000000
2017-10-13T07:14:10.000000000Z	2.33	0.25	-20.000000	20.000000
2017-10-13T08:00:40.000000000Z	0.54	0.34	-20.000000	20.000000
2017-10-13T09:00:00.000000000Z	0.72	-0.02	-20.000000	20.000000
2017-10-13T09:03:40.000000000Z	0.29	0.03	-20.000000	20.000000
2017-10-13T09:44:20.000000000Z	0.82	-0.20	-20.000000	20.000000
2017-10-15T02:56:43.000000000Z	-1.17	-0.17	-0.000005	0.000005
2017-10-15T03:25:10.000000000Z	0.68	-1.28	-20.000000	20.000000
2017-10-15T03:31:10.000000000Z	-1.21	-0.22	-20.000000	20.000000
2017-10-15T03:33:10.000000000Z	1.37	-0.78	-20.000000	20.000000
2017-10-15T03:35:10.000000000Z	-0.63	-0.19	-20.000000	20.000000
2017-10-15T04:30:45.000000000Z	1.43	-0.05	-20.000000	20.000000
2017-10-15T05:32:55.000000000Z	0.61	0.30	-20.000000	20.000000
2017-10-15T05:39:35.000000000Z	2.78	0.50	-20.000000	20.000000
2017-10-15T07:13:10.000000000Z	0.61	0.70	-20.000000	20.000000
2017-10-15T07:19:50.000000000Z	2.67	0.61	-20.000000	20.000000
2017-10-15T07:25:00.000000000Z	0.68	0.64	-20.000000	20.000000
2017-10-15T08:53:25.000000000Z	0.44	0.35	-20.000000	20.000000
2017-10-15T08:58:30.000000000Z	0.47	0.17	-20.000000	20.000000
2017-10-15T16:45:10.000000000Z	1.31	-0.07	-20.000000	20.000000
2017-10-15T16:49:20.000000000Z	0.63	0.20	-20.000000	20.000000
2017-10-15T17:32:00.000000000Z	1.19	0.49	-20.000000	20.000000
2017-10-15T17:51:40.000000000Z	0.66	0.23	-20.000000	20.000000
2017-10-15T17:57:10.000000000Z	1.40	0.50	-20.000000	20.000000
2017-10-15T18:19:10.000000000Z	0.66	0.48	-20.000000	20.000000
2017-10-15T18:24:50.000000000Z	2.11	0.57	-20.000000	20.000000
2017-10-15T18:42:25.000000000Z	0.89	0.60	-20.000000	20.000000
2017-10-15T18:46:40.000000000Z	2.28	1.09	-20.000000	20.000000
2017-10-15T19:09:40.000000000Z	0.88	0.59	-20.000000	20.000000
2017-10-15T19:26:20.000000000Z	1.88	0.58	-20.000000	20.000000
2017-10-15T20:02:55.000000000Z	0.67	0.29	-20.000000	20.000000
2017-10-15T20:05:30.000000000Z	1.72	0.52	-20.000000	20.000000
2017-10-15T20:33:50.000000000Z	0.78	0.36	-20.000000	20.000000
2017-10-15T21:00:00.000000000Z	2.24	0.88	-20.000000	20.000000
2017-10-15T21:03:00.000000000Z	0.84	0.74	-20.000000	20.000000
2017-10-15T21:17:25.000000000Z	2.20	0.87	-20.000000	20.000000
2017-10-15T21:28:20.000000000Z	0.70	0.55	-20.000000	20.000000
2017-10-15T21:38:40.000000000Z	2.35	0.90	-20.000000	20.000000
2017-10-15T21:57:10.000000000Z	0.84	0.57	-20.000000	20.000000
2017-10-15T22:01:30.000000000Z	1.98	1.34	-20.000000	20.000000
2017-10-15T22:03:40.000000000Z	0.81	0.43	-20.000000	20.000000
2017-10-15T22:22:15.000000000Z	2.39	1.09	-20.000000	20.000000
2017-10-15T23:06:10.000000000Z	0.75	0.71	-20.000000	20.000000
2017-10-15T23:13:30.000000000Z	1.78	0.56	-20.000000	20.000000
2017-10-15T23:16:25.000000000Z	0.81	0.41	-20.000000	20.000000
2017-10-15T23:31:10.000000000Z	2.12	0.38	-20.000000	20.000000
2017-10-15T23:58:15.000000000Z	0.60	0.48	-20.000000	20.000000
2017-10-16T00:02:55.000000000Z	1.75	0.31	-20.000000	20.000000
2017-10-16T00:09:30.000000000Z	0.62	0.31	-20.000000	20.000000
2017-10-16T00:30:40.000000000Z	1.55	0.27	-20.000000	20.000000
2017-10-16T00:38:25.000000000Z	0.57	0.25	-20.000000	20.000000
2017-10-16T00:41:40.000000000Z	1.40	0.49	-20.000000	20.000000
2017-10-16T00:46:35.000000000Z	0.63	0.27	-20.000000	20.000000
2017-10-16T01:07:00.000000000Z	2.47	0.63	-20.000000	20.000000
2017-10-16T01:34:35.000000000Z	0.66	0.72	-20.000000	20.000000
2017-10-16T01:42:10.000000000Z	2.07	0.58	-20.000000	20.000000
2017-10-16T01:47:30.000000000Z	0.72	0.65	-20.000000	20.000000
2017-10-16T01:58:55.000000000Z	1.80	0.42	-20.000000	20.000000
2017-10-17T23:45:23.000000000Z	1.37	0.46	-0.000005	0.000005
2017-10-18T00:53:50.000000000Z	0.60	0.18	-20.000000	20.000000
2017-10-18T01:11:50.000000000Z	1.09	0.34	-20.000000	20.000000
2017-10-18T01:23:30.000000000Z	0.56	0.02	-20.000000	20.000000
2017-10-18T01:39:30.000000000Z	1.70	0.46	-20.000000	20.000000
2017-10-18T04:33:45.000000000Z	0.53	0.16	-20.000000	20.000000
2017-10-18T05:28:30.000000000Z	1.43	0.40	-20.000000	20.000000
2017-10-18T05:49:00.000000000Z	0.60	0.22	-20.000000	20.000000
2017-10-18T06:07:45.000000000Z	1.20	0.44	-20.000000	20.000000
2017-10-18T06:42:35.000000000Z	0.54	0.23	-20.000000	20.000000
2017-10-18T07:17:00.000000000Z	1.20	0.50	-20.000000	20.000000
2017-10-18T07:33:15.000000000Z	0.53	0.13	-20.000000	20.000000
2017-10-18T07:37:00.000000000Z	1.20	0.43	-20.000000	20.000000
2017-10-18T07:54:20.000000000Z	0.52	0.19	-20.000000	20.000000
2017-10-18T09:21:00.000000000Z	0.93	0.47	-20.000000	20.000000
2017-10-18T09:34:15.000000000Z	0.46	0.15	-20.000000	20.000000
2017-10-18T12:47:20.000000000Z	1.29	0.47	-20.000000	20.000000
2017-10-18T13:18:45.000000000Z	0.43	0.13	-20.000000	20.000000
2017-10-19T00:57:00.000000000Z	0.79	0.30	-20.000000	20.000000
2017-10-20T19:50:23.000000000Z	0.46	0.12	-0.000005	0.000005
2017-10-20T23:09:50.000000000Z	1.03	0.58	-20.000000	20.000000
2017-10-20T23:13:40.000000000Z	0.51	0.20	-20.000000	20.000000
2017-10-21T14:14:35.000000000Z	1.77	0.55	-20.000000	20.000000
2017-10-21T15:47:55.000000000Z	0.53	0.06	-20.000000	20.000000
2017-10-21T20:42:25.000000000Z	1.30	0.32	-20.000000	20.000000
2017-10-21T20:54:25.000000000Z	0.93	0.53	-20.000000	20.000000
2017-10-21T20:57:15.000000000Z	1.49	0.41	-20.000000	20.000000
2017-10-21T21:07:05.000000000Z	0.79	0.65	-20.000000	20.000000
2017-10-21T21:27:35.000000000Z	2.35	0.16	-20.000000	20.000000
2017-10-21T21:30:30.000000000Z	0.76	0.51	-20.000000	20.000000
2017-10-21T21:41:40.000000000Z	1.73	0.50	-20.000000	20.000000
2017-10-21T21:50:15.000000000Z	0.73	0.53	-20.000000	20.000000
2017-10-21T22:00:25.000000000Z	1.78	0.07	-20.000000	20.000000
2017-10-21T22:12:00.000000000Z	0.59	0.12	-20.000000	20.000000
2017-10-21T22:17:10.000000000Z	1.02	0.14	-20.000000	20.000000
2017-10-21T22:26:20.000000000Z	0.49	-0.01	-20.000000	20.000000
2017-10-21T22:41:50.000000000Z	0.56	0.15	-20.000000	20.000000
2017-10-21T22:45:35.000000000Z	0.53	0.01	-20.000000	20.000000
2017-10-21T23:13:20.000000000Z	1.38	0.34	-20.000000	20.000000
2017-10-23T15:35:23.000000000Z	0.58	0.18	-0.000005	0.000005
2017-10-24T20:03:15.000000000Z	1.65	-0.04	-20.000000	20.000000
2017-10-26T11:45:13.000000000Z	0.57	0.24	-0.000005	0.000005
2017-10-27T06:31:35.000000000Z	1.52	0.47	-20.000000	20.000000
2017-10-27T06:41:50.000000000Z	0.60	0.21	-20.000000	20.000000
2017-10-27T12:14:45.000000000Z	1.18	0.34	-20.000000	20.000000
2017-10-27T12:59:55.000000000Z	0.74	0.46	-20.000000	20.000000
2017-10-27T13:02:30.000000000Z	1.11	0.64	-20.000000	20.000000
2017-10-27T13:18:45.000000000Z	0.65	0.34	-20.000000	20.000000
2017-10-27T13:25:10.000000000Z	1.51	0.42	-20.000000	20.000000
2017-10-29T07:40:13.000000000Z	0.43	0.24	-0.000005	0.000005
2017-10-30T04:25:05.000000000Z	0.48	0.45	-20.000000	20.000000
2017-10-30T04:39:20.000000000Z	0.28	0.08	-20.000000	20.000000
2017-10-30T04:45:50.000000000Z	0.49	0.59	-20.000000	20.000000
2017-10-30T05:08:40.000000000Z	0.30	0.09	-20.000000	20.000000
2017-10-30T05:31:55.000000000Z	0.26	0.59	-20.000000	20.000000
2017-10-30T05:46:05.000000000Z	0.27	0.12	-20.000000	20.000000
2017-10-30T06:09:10.000000000Z	0.48	0.36	-20.000000	20.000000
2017-10-30T08:29:50.000000000Z	0.32	0.19	-20.000000	20.000000
2017-10-30T08:34:25.000000000Z	0.73	0.50	-20.000000	20.000000
2017-10-30T09:06:50.000000000Z	0.44	0.31	-20.000000	20.000000
2017-10-30T09:11:10.000000000Z	0.25	0.37	-20.000000	20.000000
2017-11-01T03:10:03.000000000Z	0.21	0.23	-0.000005	0.000005
2017-11-02T04:26:45.000000000Z	1.54	0.44	-20.000000	20.000000
2017-11-02T06:05:05.000000000Z	0.23	0.11	-20.000000	20.000000
2017-11-02T08:29:20.000000000Z	1.54	0.44	-20.000000	20.000000
2017-11-03T23:20:03.000000000Z	0.26	0.30	-0.000005	0.000005
2017-11-04T23:22:00.000000000Z	1.77	1.11	-20.000000	20.000000
2017-11-04T23:25:05.000000000Z	0.21	0.53	-20.000000	20.000000
2017-11-04T23:45:30.000000000Z	0.46	0.64	-20.000000	20.000000
2017-11-04T23:49:20.000000000Z	0.16	0.26	-20.000000	20.000000
2017-11-05T00:10:10.000000000Z	0.56	0.41	-20.000000	20.000000
2017-11-05T00:20:15.000000000Z	0.11	0.20	-20.000000	20.000000
2017-11-05T00:59:10.000000000Z	0.49	0.49	-20.000000	20.000000
2017-11-05T01:04:15.000000000Z	0.19	0.36	-20.000000	20.000000
2017-11-05T01:07:00.000000000Z	1.11	0.68	-20.000000	20.000000
2017-11-06T19:30:03.000000000Z	0.23	0.27	-0.000005	0.000005
2017-11-08T01:27:20.000000000Z	1.25	0.02	-20.000000	20.000000
2017-11-09T14:50:03.000000000Z	0.50	0.39	-0.000005	0.000005
2017-11-10T20:52:00.000000000Z	1.38	0.76	-20.000000	20.000000
2017-11-10T20:56:25.000000000Z	0.34	0.55	-20.000000	20.000000
2017-11-10T21:04:35.000000000Z	1.82	0.55	-20.000000	20.000000
2017-11-10T21:27:35.000000000Z	0.41	0.53	-20.000000	20.000000
2017-11-10T21:32:35.000000000Z	1.33	0.22	-20.000000	20.000000
2017-11-12T11:15:13.000000000Z	0.36	0.21	-0.000005	0.000005
2017-11-13T17:04:10.000000000Z	1.01	0.40	-20.000000	20.000000
2017-11-14T12:23:53.000000000Z	1.27	-0.55	-0.000005	0.000005
2017-11-14T19:57:10.000000000Z	0.02	-0.24	-20.000000	20.000000
2017-11-15T10:41:54.422075500Z	0.18	-0.11	-0.000005	0.000005
2017-11-16T10:41:02.020659500Z	0.50	0.66	-0.000005	0.000005
2017-11-16T12:27:35.000000000Z	1.94	0.45	-20.000000	20.000000
2017-11-16T12:35:45.000000000Z	0.50	0.66	-20.000000	20.000000
2017-11-16T12:39:50.000000000Z	2.40	0.72	-20.000000	20.000000
2017-11-16T13:52:05.000000000Z	0.43	0.13	-20.000000	20.000000
2017-11-16T13:57:25.000000000Z	2.05	0.73	-20.000000	20.000000
2017-11-16T14:07:00.000000000Z	0.53	0.71	-20.000000	20.000000
2017-11-16T14:08:50.000000000Z	2.13	0.60	-20.000000	20.000000
2017-11-16T14:12:55.000000000Z	0.33	0.04	-20.000000	20.000000
2017-11-16T14:16:20.000000000Z	1.27	0.34	-20.000000	20.000000
2017-11-17T07:47:03.000000000Z	1.40	-0.28	-0.000005	0.000005
2017-11-17T12:21:45.000000000Z	-0.23	0.09	-20.000000	20.000000
2017-11-17T12:39:25.000000000Z	2.08	0.20	-20.000000	20.000000
2017-11-17T12:53:35.000000000Z	-0.16	0.11	-20.000000	20.000000
2017-11-18T06:12:38.654807500Z	-0.13	-0.07	-0.000005	0.000005
2017-11-19T06:46:37.078413500Z	0.38	0.16	-0.000005	0.000005
2017-11-19T11:10:10.000000000Z	1.17	0.15	-20.000000	20.000000
2017-11-19T11:15:55.000000000Z	0.40	0.18	-20.000000	20.000000
2017-11-19T12:11:50.000000000Z	0.79	0.07	-20.000000	20.000000
2017-11-20T03:17:53.000000000Z	1.41	-0.21	-0.000005	0.000005
2017-11-20T07:11:20.000000000Z	0.19	0.06	-20.000000	20.000000
2017-11-20T07:14:50.000000000Z	1.19	-0.20	-20.000000	20.000000
2017-11-20T07:22:55.000000000Z	0.37	0.03	-20.000000	20.000000
2017-11-20T07:41:20.000000000Z	1.34	-0.16	-20.000000	20.000000
2017-11-20T07:45:45.000000000Z	0.32	0.03	-20.000000	20.000000
2017-11-21T02:21:38.179119000Z	0.70	-0.31	-0.000005	0.000005
2017-11-22T03:00:36.138577000Z	0.13	0.17	-0.000005	0.000005
2017-11-22T04:41:40.000000000Z	1.29	0.25	-20.000000	20.000000
2017-11-22T04:43:30.000000000Z	0.37	0.45	-20.000000	20.000000
2017-11-22T04:54:00.000000000Z	1.21	0.50	-20.000000	20.000000
2017-11-22T05:03:40.000000000Z	0.29	0.17	-20.000000	20.000000
2017-11-22T05:22:55.000000000Z	1.26	0.51	-20.000000	20.000000
2017-11-22T05:29:45.000000000Z	0.45	0.31	-20.000000	20.000000
2017-11-22T05:38:20.000000000Z	1.09	0.28	-20.000000	20.000000
2017-11-22T22:52:53.000000000Z	1.16	-0.16	-0.000005	0.000005
2017-11-23T04:50:00.000000000Z	-0.07	-0.02	-20.000000	20.000000
2017-11-23T05:00:00.000000000Z	1.23	-0.09	-20.000000	20.000000
2017-11-23T05:05:25.000000000Z	0.09	-0.13	-20.000000	20.000000
2017-11-23T05:18:35.000000000Z	0.69	-0.24	-20.000000	20.000000
2017-11-23T05:20:50.000000000Z	-0.35	0.02	-20.000000	20.000000
2017-11-23T05:23:35.000000000Z	0.95	0.02	-20.000000	20.000000
2017-11-23T05:30:05.000000000Z	-0.26	-0.04	-20.000000	20.000000
2017-11-23T05:34:15.000000000Z	0.57	0.06	-20.000000	20.000000
2017-11-23T05:45:30.000000000Z	-0.33	-0.13	-20.000000	20.000000
2017-11-23T22:21:39.035678500Z	0.10	-0.05	-0.000005	0.000005
2017-11-24T23:03:38.693387500Z	0.33	0.47	-0.000005	0.000005
2017-11-24T23:20:20.000000000Z	2.06	1.21	-20.000000	20.000000
2017-11-25T00:37:50.000000000Z	0.70	0.52	-20.000000	20.000000
2017-11-25T01:02:35.000000000Z	2.16	-0.12	-20.000000	20.000000
2017-11-25T01:06:25.000000000Z	0.70	0.52	-20.000000	20.000000
2017-11-25T01:26:10.000000000Z	1.46	0.25	-20.000000	20.000000
2017-11-25T18:34:53.000000000Z	0.85	-0.12	-0.000005	0.000005
2017-11-25T23:38:50.000000000Z	-0.12	0.07	-20.000000	20.000000
2017-11-26T18:37:37.181366500Z	0.10	0.15	-0.000005	0.000005
2017-11-27T18:58:41.189196500Z	0.42	0.35	-0.000005	0.000005
2017-11-28T00:59:30.000000000Z	0.96	0.54	-20.000000	20.000000
2017-11-28T14:08:53.000000000Z	2.06	-0.18	-0.000005	0.000005
2017-11-28T18:00:50.000000000Z	0.10	0.21	-20.000000	20.000000
2017-11-29T14:54:26.678150000Z	0.21	0.06	-0.000005	0.000005
2017-11-30T14:59:30.150837000Z	0.22	0.22	-0.000005	0.000005
2017-11-30T16:22:25.000000000Z	1.65	0.67	-20.000000	20.000000
2017-12-01T09:40:53.000000000Z	1.30	-0.17	-0.000005	0.000005
2017-12-01T13:54:45.000000000Z	-0.53	-0.03	-20.000000	20.000000
2017-12-01T13:57:40.000000000Z	1.15	-0.26	-20.000000	20.000000
2017-12-01T14:01:50.000000000Z	-0.34	-0.05	-20.000000	20.000000
2017-12-01T14:14:10.000000000Z	1.07	0.15	-20.000000	20.000000
2017-12-01T14:21:20.000000000Z	-0.73	0.01	-20.000000	20.000000
2017-12-01T14:32:00.000000000Z	1.12	-0.09	-20.000000	20.000000
2017-12-01T14:34:55.000000000Z	-0.29	-0.13	-20.000000	20.000000
2017-12-02T13:54:33.255646500Z	-0.66	-0.10	-0.000005	0.000005
2017-12-03T11:01:30.110702500Z	0.61	0.70	-0.000005	0.000005
2017-12-03T11:21:15.000000000Z	-0.14	0.44	-20.000000	20.000000
2017-12-03T11:26:35.000000000Z	0.70	0.51	-20.000000	20.000000
2017-12-04T05:15:53.000000000Z	0.06	-0.02	-0.000005	0.000005
2017-12-04T08:18:55.000000000Z	-0.08	-0.03	-20.000000	20.000000
2017-12-04T08:36:00.000000000Z	0.39	-0.10	-20.000000	20.000000
2017-12-04T08:40:25.000000000Z	-0.14	-0.06	-20.000000	20.000000
2017-12-04T08:52:50.000000000Z	0.57	-0.04	-20.000000	20.000000
2017-12-04T09:04:25.000000000Z	-0.01	-0.04	-20.000000	20.000000
2017-12-05T07:16:32.983815500Z	0.32	-0.21	-0.000005	0.000005
2017-12-06T06:56:28.695025500Z	-0.02	0.44	-0.000005	0.000005
2017-12-06T08:17:25.000000000Z	1.42	0.37	-20.000000	20.000000
2017-12-06T08:20:25.000000000Z	-0.01	0.48	-20.000000	20.000000
2017-12-06T08:49:15.000000000Z	0.96	0.36	-20.000000	20.000000
2017-12-07T00:54:53.000000000Z	1.33	-0.19	-0.000005	0.000005
2017-12-07T05:51:00.000000000Z	-0.77	0.26	-20.000000	20.000000
2017-12-07T06:27:05.000000000Z	2.24	-0.59	-20.000000	20.000000
2017-12-07T06:34:45.000000000Z	-0.73	0.19	-20.000000	20.000000
2017-12-08T02:11:35.938352000Z	-0.86	-0.03	-0.000005	0.000005
2017-12-09T03:00:30.701616000Z	1.49	0.31	-0.000005	0.000005
2017-12-09T20:32:53.000000000Z	1.24	-0.08	-0.000005	0.000005
2017-12-10T00:38:35.000000000Z	-0.10	0.08	-20.000000	20.000000
2017-12-10T00:52:00.000000000Z	0.89	-0.10	-20.000000	20.000000
2017-12-10T00:56:00.000000000Z	-0.21	0.07	-20.000000	20.000000
2017-12-10T01:00:25.000000000Z	1.06	-0.12	-20.000000	20.000000
2017-12-10T01:06:50.000000000Z	-0.11	0.09	-20.000000	20.000000
2017-12-10T20:29:25.431423000Z	-0.07	-0.07	-0.000005	0.000005
2017-12-11T22:54:33.885715000Z	0.40	0.24	-0.000005	0.000005
2017-12-12T03:33:25.000000000Z	1.10	0.44	-20.000000	20.000000
2017-12-12T16:10:53.000000000Z	2.60	-0.46	-0.000005	0.000005
2017-12-12T18:34:05.000000000Z	0.04	-0.05	-20.000000	20.000000
2017-12-12T19:06:15.000000000Z	1.84	-0.30	-20.000000	20.000000
2017-12-12T19:11:20.000000000Z	0.14	0.07	-20.000000	20.000000
2017-12-12T19:19:20.000000000Z	1.78	-0.29	-20.000000	20.000000
2017-12-12T19:42:10.000000000Z	0.01	-0.29	-20.000000	20.000000
2017-12-12T19:47:00.000000000Z	1.15	-0.31	-20.000000	20.000000
2017-12-12T19:54:10.000000000Z	-0.03	0.19	-20.000000	20.000000
2017-12-13T15:45:31.121661000Z	-0.44	-0.08	-0.000005	0.000005
2017-12-14T18:46:30.326820000Z	0.28	0.37	-0.000005	0.000005
2017-12-14T22:01:50.000000000Z	1.15	0.57	-20.000000	20.000000
2017-12-14T22:07:25.000000000Z	0.25	0.24	-20.000000	20.000000
2017-12-14T22:12:10.000000000Z	1.17	0.30	-20.000000	20.000000
2017-12-14T22:47:50.000000000Z	0.28	0.37	-20.000000	20.000000
2017-12-14T23:01:05.000000000Z	1.04	0.23	-20.000000	20.000000
2017-12-14T23:15:15.000000000Z	0.29	0.29	-20.000000	20.000000
2017-12-14T23:22:30.000000000Z	0.70	0.33	-20.000000	20.000000
2017-12-14T23:27:40.000000000Z	0.24	0.42	-20.000000	20.000000
2017-12-14T23:37:05.000000000Z	0.81	0.32	-20.000000	20.000000
2017-12-15T11:44:53.000000000Z	1.02	-0.05	-0.000005	0.000005
2017-12-15T14:11:05.000000000Z	0.18	-0.04	-20.000000	20.000000
2017-12-15T14:14:55.000000000Z	0.71	0.10	-20.000000	20.000000
2017-12-15T14:17:30.000000000Z	0.22	0.07	-20.000000	20.000000
2017-12-15T15:02:40.000000000Z	1.32	-0.05	-20.000000	20.000000
2017-12-15T16:50:05.000000000Z	0.16	0.05	-20.000000	20.000000
2017-12-16T14:23:39.043121000Z	-0.07	0.03	-0.000005	0.000005
2017-12-17T14:42:34.327375000Z	0.36	0.31	-0.000005	0.000005
2017-12-17T19:19:35.000000000Z	1.36	-0.04	-20.000000	20.000000
2017-12-17T19:30:20.000000000Z	0.14	0.38	-20.000000	20.000000
2017-12-17T19:32:35.000000000Z	1.22	0.03	-20.000000	20.000000
2017-12-18T07:16:53.000000000Z	1.58	-0.07	-0.000005	0.000005
2017-12-18T11:51:45.000000000Z	-1.23	-0.31	-20.000000	20.000000
2017-12-18T11:55:40.000000000Z	0.90	-0.59	-20.000000	20.000000
2017-12-18T11:58:20.000000000Z	-1.12	0.05	-20.000000	20.000000
2017-12-18T13:29:20.000000000Z	0.79	-0.04	-20.000000	20.000000
2017-12-18T13:35:20.000000000Z	-1.12	0.05	-20.000000	20.000000
2017-12-19T09:18:27.485904000Z	-0.96	0.10	-0.000005	0.000005
2017-12-20T10:40:27.993920000Z	0.31	0.30	-0.000005	0.000005
2017-12-20T14:18:40.000000000Z	1.51	0.31	-20.000000	20.000000
2017-12-20T14:27:40.000000000Z	0.52	0.40	-20.000000	20.000000
2017-12-20T14:31:15.000000000Z	1.29	0.45	-20.000000	20.000000
2017-12-20T14:34:35.000000000Z	0.52	0.34	-20.000000	20.000000
2017-12-20T14:37:35.000000000Z	1.40	0.36	-20.000000	20.000000
2017-12-20T14:46:05.000000000Z	0.37	0.36	-20.000000	20.000000
2017-12-20T14:54:00.000000000Z	1.23	0.29	-20.000000	20.000000
2017-12-21T02:59:53.000000000Z	1.36	-0.20	-0.000005	0.000005
2017-12-21T07:59:35.000000000Z	-0.14	-0.18	-20.000000	20.000000
2017-12-22T05:25:26.236933000Z	0.06	0.02	-0.000005	0.000005
2017-12-23T06:32:33.365882000Z	0.35	0.16	-0.000005	0.000005
2017-12-23T10:44:50.000000000Z	1.37	0.26	-20.000000	20.000000
2017-12-23T11:28:05.000000000Z	0.39	0.11	-20.000000	20.000000
2017-12-23T11:33:30.000000000Z	2.32	0.63	-20.000000	20.000000
2017-12-23T22:39:43.000000000Z	1.86	0.04	-0.000005	0.000005
2017-12-24T01:38:25.000000000Z	0.97	-0.16	-20.000000	20.000000
2017-12-24T01:48:00.000000000Z	2.88	0.11	-20.000000	20.000000
2017-12-24T01:57:55.000000000Z	0.85	0.20	-20.000000	20.000000
2017-12-24T23:45:22.392594500Z	-0.17	-0.04	-0.000005	0.000005
2017-12-26T02:16:28.814130500Z	0.39	0.22	-0.000005	0.000005
2017-12-26T05:45:20.000000000Z	2.29	0.26	-20.000000	20.000000
2017-12-26T18:13:43.000000000Z	1.78	-0.20	-0.000005	0.000005
2017-12-26T21:50:40.000000000Z	0.15	-0.13	-20.000000	20.000000
2017-12-26T21:53:30.000000000Z	1.57	-0.30	-20.000000	20.000000
2017-12-26T22:09:45.000000000Z	-0.20	-0.11	-20.000000	20.000000
2017-12-27T18:42:32.486148500Z	0.16	0.02	-0.000005	0.000005
2017-12-28T22:05:31.272769500Z	0.14	0.35	-0.000005	0.000005
2017-12-28T23:03:00.000000000Z	0.90	0.29	-20.000000	20.000000
2017-12-28T23:10:45.000000000Z	0.20	0.40	-20.000000	20.000000
2017-12-28T23:59:05.000000000Z	1.04	0.57	-20.000000	20.000000
2017-12-29T00:06:25.000000000Z	0.16	0.45	-20.000000	20.000000
2017-12-29T00:12:40.000000000Z	1.47	0.44	-20.000000	20.000000
2017-12-29T00:19:40.000000000Z	0.20	0.40	-20.000000	20.000000
2017-12-29T00:36:50.000000000Z	0.79	0.47	-20.000000	20.000000
2017-12-29T00:44:50.000000000Z	0.15	0.38	-20.000000	20.000000
2017-12-29T00:51:00.000000000Z	1.05	0.35	-20.000000	20.000000
2017-12-29T13:47:43.000000000Z	1.21	-0.05	-0.000005	0.000005
2017-12-29T17:16:50.000000000Z	-0.00	0.02	-20.000000	20.000000
2017-12-29T18:42:20.000000000Z	0.74	0.08	-20.000000	20.000000
2017-12-29T18:46:00.000000000Z	0.06	0.01	-20.000000	20.000000
2017-12-29T19:08:05.000000000Z	0.59	-0.05	-20.000000	20.000000
2017-12-29T19:10:30.000000000Z	-0.24	0.03	-20.000000	20.000000
2017-12-29T19:44:15.000000000Z	0.82	-0.08	-20.000000	20.000000
2017-12-29T20:01:25.000000000Z	-0.02	0.04	-20.000000	20.000000
2017-12-30T13:09:25.128727000Z	-0.16	-0.14	-0.000005	0.000005
2017-12-31T17:57:22.847037000Z	0.27	0.23	-0.000005	0.000005
2017-12-31T22:09:15.000000000Z	1.63	0.49	-20.000000	20.000000
2018-01-01T09:25:43.000000000Z	1.89	-0.23	-0.000005	0.000005
2018-01-01T12:56:40.000000000Z	0.03	0.01	-20.000000	20.000000
2018-01-01T13:13:05.000000000Z	2.20	-0.49	-20.000000	20.000000
2018-01-01T13:20:15.000000000Z	-0.43	0.04	-20.000000	20.000000
2018-01-02T08:15:29.483602500Z	-0.21	0.03	-0.000005	0.000005
2018-01-03T13:49:26.016131500Z	0.21	0.30	-0.000005	0.000005
2018-01-03T17:35:30.000000000Z	0.96	0.58	-20.000000	20.000000
2018-01-03T17:37:40.000000000Z	0.10	0.20	-20.000000	20.000000
2018-01-03T17:54:35.000000000Z	1.16	0.09	-20.000000	20.000000
2018-01-04T05:12:43.000000000Z	1.08	-0.03	-0.000005	0.000005
2018-01-04T10:00:40.000000000Z	-0.37	-0.01	-20.000000	20.000000
2018-01-04T10:09:15.000000000Z	0.65	-0.12	-20.000000	20.000000
2018-01-04T10:11:30.000000000Z	-0.40	0.02	-20.000000	20.000000
2018-01-05T07:32:14.062542500Z	-0.16	-0.06	-0.000005	0.000005
2018-01-06T09:32:29.994033500Z	0.03	0.19	-0.000005	0.000005
2018-01-06T13:21:20.000000000Z	0.35	0.34	-20.000000	20.000000
2018-01-06T13:56:30.000000000Z	0.06	0.30	-20.000000	20.000000
2018-01-06T14:03:15.000000000Z	0.50	0.26	-20.000000	20.000000
2018-01-07T00:47:43.000000000Z	0.07	0.02	-0.000005	0.000005
2018-01-07T05:16:15.000000000Z	0.06	0.13	-20.000000	20.000000
2018-01-07T05:20:50.000000000Z	0.46	-0.03	-20.000000	20.000000
2018-01-07T05:28:00.000000000Z	-0.01	0.13	-20.000000	20.000000
2018-01-08T03:08:31.989020500Z	0.07	0.13	-0.000005	0.000005
2018-01-09T05:03:17.842730500Z	0.31	0.58	-0.000005	0.000005
2018-01-09T08:14:00.000000000Z	0.85	0.64	-20.000000	20.000000
2018-01-09T08:22:40.000000000Z	0.17	0.33	-20.000000	20.000000
2018-01-09T08:36:15.000000000Z	1.26	0.68	-20.000000	20.000000
2018-01-09T08:39:25.000000000Z	0.24	0.48	-20.000000	20.000000
2018-01-09T08:45:15.000000000Z	1.47	0.42	-20.000000	20.000000
2018-01-09T20:26:43.000000000Z	1.78	-0.01	-0.000005	0.000005
2018-01-10T00:55:55.000000000Z	-0.62	-0.11	-20.000000	20.000000
2018-01-11T00:28:18.043375500Z	-0.22	-0.03	-0.000005	0.000005
2018-01-12T00:31:59.004535500Z	0.18	0.23	-0.000005	0.000005
2018-01-12T03:22:30.000000000Z	0.79	0.54	-20.000000	20.000000
2018-01-12T16:02:43.000000000Z	1.07	-0.01	-0.000005	0.000005
2018-01-12T20:04:25.000000000Z	0.18	0.11	-20.000000	20.000000
2018-01-13T21:33:10.874060000Z	0.66	-0.03	-0.000005	0.000005
2018-01-14T20:22:10.159084000Z	0.29	0.25	-0.000005	0.000005
2018-01-15T00:34:40.000000000Z	1.54	0.44	-20.000000	20.000000
2018-01-15T00:38:15.000000000Z	0.17	0.26	-20.000000	20.000000
2018-01-15T01:10:05.000000000Z	2.79	0.17	-20.000000	20.000000
2018-01-15T11:41:43.000000000Z	1.54	-0.16	-0.000005	0.000005
2018-01-15T16:08:05.000000000Z	-0.00	0.24	-20.000000	20.000000
2018-01-15T16:11:20.000000000Z	1.59	0.05	-20.000000	20.000000
2018-01-15T16:25:30.000000000Z	-0.41	0.13	-20.000000	20.000000
2018-01-15T16:53:30.000000000Z	1.08	-0.15	-20.000000	20.000000
2018-01-15T17:01:40.000000000Z	-0.33	-0.15	-20.000000	20.000000
2018-01-16T09:49:59.114554000Z	-0.37	-0.08	-0.000005	0.000005
2018-01-17T16:24:59.700390000Z	0.33	0.48	-0.000005	0.000005
2018-01-17T18:24:50.000000000Z	0.81	0.56	-20.000000	20.000000
2018-01-18T07:30:43.000000000Z	0.81	0.01	-0.000005	0.000005
2018-01-18T11:50:30.000000000Z	0.25	-0.01	-20.000000	20.000000
2018-01-19T05:37:00.765432500Z	0.58	-0.34	-0.000005	0.000005
2018-01-20T12:05:14.965149500Z	0.52	0.26	-0.000005	0.000005
2018-01-20T16:33:35.000000000Z	2.05	0.00	-20.000000	20.000000
2018-01-21T03:11:43.000000000Z	2.34	0.06	-0.000005	0.000005
2018-01-21T06:44:05.000000000Z	0.76	0.16	-20.000000	20.000000
2018-01-21T06:52:00.000000000Z	1.46	0.07	-20.000000	20.000000
2018-01-21T06:55:25.000000000Z	0.64	0.06	-20.000000	20.000000
2018-01-22T06:13:06.949161000Z	-0.71	-0.05	-0.000005	0.000005
2018-01-23T07:22:46.944591000Z	0.22	0.37	-0.000005	0.000005
2018-01-23T09:07:15.000000000Z	1.03	1.06	-20.000000	20.000000
2018-01-23T09:09:05.000000000Z	0.24	0.34	-20.000000	20.000000
2018-01-23T09:16:10.000000000Z	1.11	0.25	-20.000000	20.000000
2018-01-23T09:23:55.000000000Z	0.12	0.28	-20.000000	20.000000
2018-01-23T09:44:45.000000000Z	1.89	0.21	-20.000000	20.000000
2018-01-23T22:53:43.000000000Z	0.70	0.02	-0.000005	0.000005
2018-01-24T04:00:20.000000000Z	-0.27	0.06	-20.000000	20.000000
2018-01-24T04:06:45.000000000Z	0.90	0.04	-20.000000	20.000000
2018-01-24T04:18:10.000000000Z	-0.28	-0.00	-20.000000	20.000000
2018-01-24T04:24:35.000000000Z	1.09	0.03	-20.000000	20.000000
2018-01-24T04:36:45.000000000Z	-0.31	0.04	-20.000000	20.000000
2018-01-25T02:30:06.296368000Z	0.27	0.03	-0.000005	0.000005
2018-01-26T02:36:53.652664000Z	0.39	0.37	-0.000005	0.000005
2018-01-26T07:54:00.000000000Z	2.31	0.51	-20.000000	20.000000
2018-01-26T07:56:30.000000000Z	0.29	0.36	-20.000000	20.000000
2018-01-26T08:02:10.000000000Z	2.90	0.19	-20.000000	20.000000
2018-01-26T08:20:15.000000000Z	0.24	0.31	-20.000000	20.000000
2018-01-26T08:27:10.000000000Z	3.03	-0.25	-20.000000	20.000000
2018-01-26T18:32:43.000000000Z	1.63	-0.09	-0.000005	0.000005
2018-01-26T21:43:45.000000000Z	-0.25	-0.17	-20.000000	20.000000
2018-01-26T21:46:00.000000000Z	1.49	-0.19	-20.000000	20.000000
2018-01-26T21:52:40.000000000Z	-0.15	-0.26	-20.000000	20.000000
2018-01-26T22:05:10.000000000Z	1.75	-0.19	-20.000000	20.000000
2018-01-26T22:27:50.000000000Z	-0.24	-0.03	-20.000000	20.000000
2018-01-26T23:25:35.000000000Z	1.83	-0.46	-20.000000	20.000000
2018-01-26T23:31:35.000000000Z	-0.27	-0.10	-20.000000	20.000000
2018-01-27T22:25:19.015946000Z	-0.20	-0.05	-0.000005	0.000005
2018-01-28T22:23:58.568531000Z	0.20	0.20	-0.000005	0.000005
2018-01-29T03:11:50.000000000Z	0.83	-0.04	-20.000000	20.000000
2018-01-29T03:20:10.000000000Z	0.30	0.25	-20.000000	20.000000
2018-01-29T03:38:10.000000000Z	0.93	0.14	-20.000000	20.000000
2018-01-29T04:05:05.000000000Z	0.12	0.15	-20.000000	20.000000
2018-01-29T04:14:05.000000000Z	1.27	0.12	-20.000000	20.000000
2018-01-29T14:14:43.000000000Z	0.82	-0.03	-0.000005	0.000005
2018-01-29T18:14:30.000000000Z	0.12	-0.07	-20.000000	20.000000
2018-01-30T21:05:59.388856000Z	0.13	-0.02	-0.000005	0.000005
2018-01-31T18:08:39.119069000Z	0.30	0.19	-20.000000	20.000000
2018-01-31T23:29:40.000000000Z	1.72	-0.02	-20.000000	20.000000
2018-02-01T10:00:43.000000000Z	1.50	0.01	-0.000005	0.000005
2018-02-01T14:19:05.000000000Z	0.39	0.02	-20.000000	20.000000
2018-02-01T14:22:10.000000000Z	1.28	-0.42	-20.000000	20.000000
2018-02-01T14:27:20.000000000Z	0.07	0.06	-20.000000	20.000000
2018-02-01T14:29:30.000000000Z	1.73	0.00	-20.000000	20.000000
2018-02-01T14:37:35.000000000Z	0.05	0.04	-20.000000	20.000000
2018-02-02T10:24:08.633315500Z	0.02	-0.13	-0.000005	0.000005
2018-02-03T13:53:06.336202500Z	0.21	0.07	-0.000005	0.000005
2018-02-03T19:29:00.000000000Z	0.28	0.07	-20.000000	20.000000
2018-02-04T05:44:43.000000000Z	0.88	-0.03	-0.000005	0.000005
2018-02-04T09:07:40.000000000Z	0.32	-0.05	-20.000000	20.000000
2018-02-04T09:35:00.000000000Z	1.02	-0.24	-20.000000	20.000000
2018-02-04T09:40:00.000000000Z	0.20	0.04	-20.000000	20.000000
2018-02-05T07:20:12.893244500Z	0.07	-0.39	-0.000005	0.000005
2018-02-06T09:11:31.748978500Z	0.38	0.18	-0.000005	0.000005
2018-02-06T12:55:10.000000000Z	1.43	0.16	-20.000000	20.000000
2018-02-06T12:59:25.000000000Z	-0.04	-0.08	-20.000000	20.000000
2018-02-06T13:33:30.000000000Z	1.32	-0.03	-20.000000	20.000000
2018-02-07T01:45:23.000000000Z	1.41	-0.01	-0.000005	0.000005
2018-02-07T06:50:20.000000000Z	0.07	0.04	-20.000000	20.000000
2018-02-08T04:01:14.050450000Z	0.30	-0.20	-0.000005	0.000005
2018-02-09T05:05:57.379897000Z	0.39	0.33	-0.000005	0.000005
2018-02-09T09:19:00.000000000Z	1.14	0.24	-20.000000	20.000000
2018-02-09T21:27:43.000000000Z	0.69	-0.07	-0.000005	0.000005
2018-02-10T01:01:00.000000000Z	0.44	-0.21	-20.000000	20.000000
2018-02-11T01:23:58.058022000Z	-0.01	-0.18	-0.000005	0.000005
2018-02-12T00:42:11.216308000Z	0.41	0.11	-0.000005	0.000005
2018-02-12T05:31:20.000000000Z	0.92	0.36	-20.000000	20.000000
2018-02-12T05:35:15.000000000Z	0.35	-0.00	-20.000000	20.000000
2018-02-12T05:46:10.000000000Z	1.11	0.40	-20.000000	20.000000
2018-02-12T05:52:10.000000000Z	0.29	-0.02	-20.000000	20.000000
2018-02-12T06:04:20.000000000Z	1.15	0.34	-20.000000	20.000000
2018-02-12T06:12:20.000000000Z	0.35	0.03	-20.000000	20.000000
2018-02-12T06:14:40.000000000Z	0.20	0.08	-20.000000	20.000000
2018-02-12T17:22:23.000000000Z	0.69	-0.03	-0.000005	0.000005
2018-02-12T20:02:10.000000000Z	0.27	-0.10	-20.000000	20.000000
2018-02-13T22:18:01.967184000Z	-0.17	-0.02	-0.000005	0.000005
2018-02-14T20:14:00.332076000Z	0.29	0.01	-0.000005	0.000005
2018-02-14T23:48:00.000000000Z	0.34	0.09	-20.000000	20.000000
2018-02-15T13:07:53.000000000Z	0.79	0.17	-0.000005	0.000005
2018-02-15T14:41:15.000000000Z	0.59	-0.28	-20.000000	20.000000
2018-02-15T14:57:35.000000000Z	1.38	0.40	-20.000000	20.000000
2018-02-15T15:01:35.000000000Z	0.52	-0.32	-20.000000	20.000000
2018-02-15T15:08:50.000000000Z	1.07	0.61	-20.000000	20.000000
2018-02-15T15:12:20.000000000Z	0.45	-0.24	-20.000000	20.000000
2018-02-16T18:43:05.921074000Z	0.02	0.07	-0.000005	0.000005
2018-02-17T15:42:03.837839000Z	0.47	0.54	-0.000005	0.000005
2018-02-17T20:18:15.000000000Z	2.07	0.06	-20.000000	20.000000
2018-02-17T20:21:35.000000000Z	0.53	0.30	-20.000000	20.000000
2018-02-17T20:24:55.000000000Z	1.45	0.25	-20.000000	20.000000
2018-02-17T20:31:05.000000000Z	0.35	0.25	-20.000000	20.000000
2018-02-17T21:12:05.000000000Z	1.79	-0.02	-20.000000	20.000000
2018-02-17T21:15:15.000000000Z	0.51	0.43	-20.000000	20.000000
2018-02-17T21:38:20.000000000Z	2.22	0.14	-20.000000	20.000000
2018-02-18T08:40:33.000000000Z	1.31	-0.20	-0.000005	0.000005
2018-02-18T13:21:45.000000000Z	-0.71	0.07	-20.000000	20.000000
2018-02-18T13:25:05.000000000Z	1.54	-0.22	-20.000000	20.000000
2018-02-18T13:32:05.000000000Z	-0.73	-0.03	-20.000000	20.000000
2018-02-18T13:45:50.000000000Z	1.31	-0.20	-20.000000	20.000000
2018-02-18T13:47:30.000000000Z	-0.75	-0.13	-20.000000	20.000000
2018-02-18T13:53:25.000000000Z	0.59	-0.48	-20.000000	20.000000
2018-02-18T14:11:40.000000000Z	-0.73	-0.03	-20.000000	20.000000
2018-02-19T13:38:08.752618000Z	-0.80	-0.18	-0.000005	0.000005
2018-02-20T11:06:21.038702000Z	0.09	0.14	-0.000005	0.000005
2018-02-20T13:43:15.000000000Z	0.77	0.55	-20.000000	20.000000
2018-02-20T13:45:50.000000000Z	0.16	0.14	-20.000000	20.000000
2018-02-20T13:53:50.000000000Z	0.68	0.04	-20.000000	20.000000
2018-02-20T14:15:35.000000000Z	0.15	0.12	-20.000000	20.000000
2018-02-20T14:21:35.000000000Z	0.76	0.28	-20.000000	20.000000
2018-02-20T14:28:40.000000000Z	0.01	0.09	-20.000000	20.000000
2018-02-20T14:37:45.000000000Z	0.87	0.31	-20.000000	20.000000
2018-02-21T04:09:53.000000000Z	1.05	-0.07	-0.000005	0.000005
2018-02-21T09:43:05.000000000Z	-0.10	-0.11	-20.000000	20.000000
2018-02-22T10:22:14.356653000Z	0.23	-0.19	-0.000005	0.000005
2018-02-23T06:27:11.578573000Z	0.24	0.21	-0.000005	0.000005
2018-02-23T12:12:40.000000000Z	2.23	0.10	-20.000000	20.000000
2018-02-23T23:52:53.000000000Z	1.55	-0.15	-0.000005	0.000005
2018-02-24T04:47:00.000000000Z	-0.49	-0.27	-20.000000	20.000000
2018-02-24T04:48:40.000000000Z	1.58	0.12	-20.000000	20.000000
2018-02-24T04:54:50.000000000Z	0.17	0.04	-20.000000	20.000000
2018-02-24T04:56:55.000000000Z	1.23	0.05	-20.000000	20.000000
2018-02-24T05:13:20.000000000Z	0.25	0.67	-20.000000	20.000000
2018-02-24T05:18:20.000000000Z	1.31	-0.02	-20.000000	20.000000
2018-02-24T06:11:25.000000000Z	-0.49	-0.27	-20.000000	20.000000
2018-02-25T04:45:08.835886500Z	-0.32	0.08	-0.000005	0.000005
2018-02-26T02:00:20.294219500Z	0.08	0.15	-0.000005	0.000005
2018-02-26T07:13:40.000000000Z	1.15	-0.06	-20.000000	20.000000
2018-02-26T19:39:53.000000000Z	1.54	-0.04	-0.000005	0.000005
2018-02-26T23:38:00.000000000Z	0.33	-0.17	-20.000000	20.000000
2018-02-26T23:43:50.000000000Z	1.59	0.18	-20.000000	20.000000
2018-02-27T00:07:05.000000000Z	0.28	-0.30	-20.000000	20.000000
2018-02-28T03:38:09.373782500Z	-0.59	0.02	-0.000005	0.000005
2018-02-28T21:27:05.535844500Z	0.20	0.30	-0.000005	0.000005
2018-03-01T01:19:10.000000000Z	1.17	0.41	-20.000000	20.000000
2018-03-01T01:27:00.000000000Z	0.12	0.44	-20.000000	20.000000
2018-03-01T01:43:10.000000000Z	1.23	0.08	-20.000000	20.000000
2018-03-01T15:32:53.000000000Z	1.13	-0.30	-0.000005	0.000005
2018-03-01T21:32:50.000000000Z	-0.18	-0.27	-20.000000	20.000000
2018-03-01T21:36:15.000000000Z	1.21	-0.09	-20.000000	20.000000
2018-03-01T21:43:00.000000000Z	-0.22	-0.12	-20.000000	20.000000
2018-03-02T22:46:19.916679500Z	-0.26	-0.13	-0.000005	0.000005
2018-03-03T16:47:07.218052500Z	-0.01	0.21	-0.000005	0.000005
2018-03-04T00:43:35.000000000Z	0.26	-0.27	-20.000000	20.000000
2018-03-04T11:22:53.000000000Z	0.82	-0.07	-0.000005	0.000005
2018-03-04T16:18:35.000000000Z	-0.10	0.06	-20.000000	20.000000
2018-03-04T16:33:00.000000000Z	0.95	0.06	-20.000000	20.000000
2018-03-04T16:44:00.000000000Z	0.05	-0.01	-20.000000	20.000000
2018-03-04T16:46:30.000000000Z	1.04	0.09	-20.000000	20.000000
2018-03-04T16:55:00.000000000Z	-0.15	-0.09	-20.000000	20.000000
2018-03-04T17:07:25.000000000Z	0.79	-0.03	-20.000000	20.000000
2018-03-04T17:20:55.000000000Z	-0.14	-0.19	-20.000000	20.000000
2018-03-05T16:58:15.076146000Z	-0.19	0.01	-0.000005	0.000005
2018-03-06T12:11:14.677054000Z	0.14	0.17	-0.000005	0.000005
2018-03-06T17:08:15.000000000Z	1.29	0.60	-20.000000	20.000000
2018-03-07T07:08:53.000000000Z	0.70	0.24	-0.000005	0.000005
2018-03-07T14:28:15.000000000Z	-0.17	-0.02	-20.000000	20.000000
2018-03-08T15:12:14.655710500Z	-0.02	0.12	-0.000005	0.000005
2018-03-09T07:30:14.718752500Z	0.06	0.23	-0.000005	0.000005
2018-03-09T11:05:50.000000000Z	0.61	0.54	-20.000000	20.000000
2018-03-10T02:48:53.000000000Z	1.67	-0.98	-0.000005	0.000005
2018-03-10T07:36:45.000000000Z	0.04	-0.05	-20.000000	20.000000
2018-03-10T07:45:25.000000000Z	1.92	-0.16	-20.000000	20.000000
2018-03-10T09:03:10.000000000Z	0.13	-0.30	-20.000000	20.000000
2018-03-10T09:24:50.000000000Z	1.57	-0.10	-20.000000	20.000000
2018-03-10T10:12:15.000000000Z	-0.17	0.02	-20.000000	20.000000
2018-03-11T07:51:12.921559500Z	-0.39	-0.13	-0.000005	0.000005
2018-03-12T03:03:17.886193500Z	0.20	0.48	-0.000005	0.000005
2018-03-12T07:47:15.000000000Z	0.88	0.43	-20.000000	20.000000
2018-03-12T07:58:45.000000000Z	0.17	0.51	-20.000000	20.000000
2018-03-12T08:45:20.000000000Z	1.12	0.37	-20.000000	20.000000
2018-03-12T22:45:53.000000000Z	0.57	0.25	-0.000005	0.000005
2018-03-13T04:52:30.000000000Z	-0.02	-0.02	-20.000000	20.000000
2018-03-14T03:33:14.133491500Z	-0.09	0.01	-0.000005	0.000005
2018-03-14T22:28:19.324622500Z	0.29	0.31	-0.000005	0.000005
2018-03-15T02:15:50.000000000Z	1.68	0.62	-20.000000	20.000000
2018-03-15T02:19:55.000000000Z	0.38	0.70	-20.000000	20.000000
2018-03-15T02:28:30.000000000Z	1.50	0.71	-20.000000	20.000000
2018-03-15T02:35:50.000000000Z	0.40	0.73	-20.000000	20.000000
2018-03-15T02:38:45.000000000Z	1.08	0.81	-20.000000	20.000000
2018-03-15T03:13:15.000000000Z	0.40	0.75	-20.000000	20.000000
2018-03-15T03:23:50.000000000Z	1.25	0.82	-20.000000	20.000000
2018-03-15T03:45:00.000000000Z	0.38	0.44	-20.000000	20.000000
2018-03-15T03:47:15.000000000Z	0.98	0.49	-20.000000	20.000000
2018-03-15T03:51:30.000000000Z	0.36	0.57	-20.000000	20.000000
2018-03-15T03:54:15.000000000Z	0.88	0.26	-20.000000	20.000000
2018-03-15T04:04:45.000000000Z	0.44	0.60	-20.000000	20.000000
2018-03-15T04:22:20.000000000Z	1.80	0.43	-20.000000	20.000000
2018-03-15T18:47:03.000000000Z	1.32	0.30	-0.000005	0.000005
2018-03-15T23:13:20.000000000Z	-0.01	0.32	-20.000000	20.000000
2018-03-15T23:16:55.000000000Z	0.72	-0.28	-20.000000	20.000000
2018-03-15T23:19:30.000000000Z	0.32	0.29	-20.000000	20.000000
2018-03-15T23:28:20.000000000Z	1.45	-0.05	-20.000000	20.000000
2018-03-15T23:35:00.000000000Z	-0.13	-0.15	-20.000000	20.000000
2018-03-16T00:02:50.000000000Z	1.71	-0.09	-20.000000	20.000000
2018-03-16T00:04:45.000000000Z	0.05	-0.02	-20.000000	20.000000
2018-03-16T00:08:40.000000000Z	1.12	0.05	-20.000000	20.000000
2018-03-16T00:20:00.000000000Z	-0.14	0.22	-20.000000	20.000000
2018-03-16T00:23:40.000000000Z	1.74	0.52	-20.000000	20.000000
2018-03-16T00:25:45.000000000Z	-0.10	0.48	-20.000000	20.000000
2018-03-16T00:28:35.000000000Z	0.67	0.79	-20.000000	20.000000
2018-03-16T00:33:05.000000000Z	0.02	0.55	-20.000000	20.000000
2018-03-16T00:37:35.000000000Z	0.72	0.23	-20.000000	20.000000
2018-03-16T00:41:30.000000000Z	0.20	0.14	-20.000000	20.000000
2018-03-16T00:43:20.000000000Z	1.34	0.97	-20.000000	20.000000
2018-03-16T01:44:35.000000000Z	-0.18	-0.04	-20.000000	20.000000
2018-03-16T22:03:18.575613000Z	-0.05	-0.01	-0.000005	0.000005
2018-03-17T18:07:16.885665000Z	0.01	0.47	-0.000005	0.000005
2018-03-17T22:15:35.000000000Z	1.20	0.98	-20.000000	20.000000
2018-03-17T22:21:30.000000000Z	0.01	0.47	-20.000000	20.000000
2018-03-17T23:37:05.000000000Z	0.80	0.02	-20.000000	20.000000
2018-03-17T23:42:10.000000000Z	-0.18	0.36	-20.000000	20.000000
2018-03-18T00:11:15.000000000Z	1.23	0.57	-20.000000	20.000000
2018-03-18T00:25:35.000000000Z	0.06	0.78	-20.000000	20.000000
2018-03-18T00:30:00.000000000Z	1.28	0.36	-20.000000	20.000000
2018-03-18T14:33:03.000000000Z	1.25	0.25	-0.000005	0.000005
2018-03-18T21:00:50.000000000Z	-0.13	0.14	-20.000000	20.000000
2018-03-18T22:12:20.000000000Z	2.75	-0.31	-20.000000	20.000000
2018-03-18T22:28:20.000000000Z	-0.22	0.25	-20.000000	20.000000
2018-03-18T22:37:20.000000000Z	2.50	-0.64	-20.000000	20.000000
2018-03-18T22:44:25.000000000Z	-0.51	0.13	-20.000000	20.000000
2018-03-19T19:00:24.214383500Z	-0.80	0.17	-0.000005	0.000005
2018-03-20T12:57:33.901256500Z	0.03	0.41	-0.000005	0.000005
2018-03-20T15:20:00.000000000Z	1.06	0.41	-20.000000	20.000000
2018-03-20T15:25:35.000000000Z	0.10	0.64	-20.000000	20.000000
2018-03-20T16:05:55.000000000Z	0.80	0.97	-20.000000	20.000000
2018-03-20T16:09:45.000000000Z	0.10	0.70	-20.000000	20.000000
2018-03-20T16:22:10.000000000Z	0.96	0.17	-20.000000	20.000000
2018-03-21T10:18:03.000000000Z	0.78	-0.00	-0.000005	0.000005
2018-03-21T18:13:20.000000000Z	-0.07	0.09	-20.000000	20.000000
2018-03-21T21:36:05.000000000Z	1.06	-0.03	-20.000000	20.000000
2018-03-21T21:41:40.000000000Z	-0.07	0.09	-20.000000	20.000000
2018-03-22T15:23:14.826891000Z	0.39	0.06	-0.000005	0.000005
2018-03-23T07:44:24.100776000Z	0.30	0.47	-0.000005	0.000005
2018-03-23T15:26:50.000000000Z	1.34	0.04	-20.000000	20.000000
2018-03-23T15:31:00.000000000Z	0.42	0.45	-20.000000	20.000000
2018-03-23T15:43:15.000000000Z	1.44	0.35	-20.000000	20.000000
2018-03-23T15:47:45.000000000Z	0.46	0.51	-20.000000	20.000000
2018-03-23T15:50:35.000000000Z	1.08	0.19	-20.000000	20.000000
2018-03-23T15:57:05.000000000Z	0.57	0.53	-20.000000	20.000000
2018-03-23T16:00:40.000000000Z	2.13	0.46	-20.000000	20.000000
2018-03-24T06:08:03.000000000Z	0.98	0.15	-0.000005	0.000005
2018-03-24T10:40:00.000000000Z	0.43	0.09	-20.000000	20.000000
2018-03-24T11:28:15.000000000Z	1.10	-0.17	-20.000000	20.000000
2018-03-24T11:32:30.000000000Z	0.36	0.10	-20.000000	20.000000
2018-03-24T11:55:30.000000000Z	1.04	0.27	-20.000000	20.000000
2018-03-24T12:05:45.000000000Z	0.32	0.12	-20.000000	20.000000
2018-03-24T12:07:50.000000000Z	1.33	0.06	-20.000000	20.000000
2018-03-24T12:14:05.000000000Z	0.40	0.25	-20.000000	20.000000
2018-03-24T12:32:00.000000000Z	1.37	-0.09	-20.000000	20.000000
2018-03-24T12:35:40.000000000Z	0.45	0.26	-20.000000	20.000000
2018-03-24T12:42:30.000000000Z	1.34	0.44	-20.000000	20.000000
2018-03-24T13:14:15.000000000Z	0.27	0.54	-20.000000	20.000000
2018-03-24T13:20:10.000000000Z	1.61	0.78	-20.000000	20.000000
2018-03-24T13:26:45.000000000Z	0.23	0.21	-20.000000	20.000000
2018-03-25T11:41:20.294564000Z	-0.17	0.05	-0.000005	0.000005
2018-03-26T02:36:18.788688000Z	0.17	0.73	-0.000005	0.000005
2018-03-26T06:15:20.000000000Z	0.08	1.44	-20.000000	20.000000
2018-03-26T06:32:40.000000000Z	0.18	0.94	-20.000000	20.000000
2018-03-26T06:44:35.000000000Z	-0.01	1.53	-20.000000	20.000000
2018-03-26T07:35:00.000000000Z	0.02	0.46	-20.000000	20.000000
2018-03-26T09:47:45.000000000Z	1.07	0.30	-20.000000	20.000000
2018-03-26T09:59:45.000000000Z	0.20	0.78	-20.000000	20.000000
2018-03-26T10:10:50.000000000Z	0.96	0.43	-20.000000	20.000000
2018-03-26T10:12:45.000000000Z	0.22	0.82	-20.000000	20.000000
2018-03-26T10:18:45.000000000Z	1.05	0.35	-20.000000	20.000000
2018-03-26T10:27:15.000000000Z	0.25	0.79	-20.000000	20.000000
2018-03-26T10:29:15.000000000Z	0.99	0.35	-20.000000	20.000000
2018-03-26T10:32:15.000000000Z	0.24	0.67	-20.000000	20.000000
2018-03-26T10:38:55.000000000Z	1.39	0.10	-20.000000	20.000000
2018-03-27T02:02:03.000000000Z	-0.23	0.53	-0.000005	0.000005
2018-03-27T11:02:40.000000000Z	-1.17	0.01	-20.000000	20.000000
2018-03-27T11:10:00.000000000Z	1.02	-0.68	-20.000000	20.000000
2018-03-27T11:20:20.000000000Z	-1.00	0.17	-20.000000	20.000000
2018-03-27T11:25:00.000000000Z	0.93	-0.38	-20.000000	20.000000
2018-03-27T11:28:35.000000000Z	-1.12	0.11	-20.000000	20.000000
2018-03-28T07:06:29.331721000Z	-0.79	0.14	-0.000005	0.000005
2018-03-28T10:32:30.000000000Z	-0.15	-0.26	-20.000000	20.000000
2018-03-28T10:39:45.000000000Z	-0.77	0.14	-20.000000	20.000000
2018-03-28T21:23:28.131070000Z	0.09	0.30	-0.000005	0.000005
2018-03-29T03:14:30.000000000Z	0.24	0.39	-20.000000	20.000000
2018-03-29T03:17:40.000000000Z	0.07	0.49	-20.000000	20.000000
2018-03-29T03:28:40.000000000Z	0.56	0.72	-20.000000	20.000000
2018-03-29T03:36:25.000000000Z	-0.20	0.42	-20.000000	20.000000
2018-03-29T03:39:00.000000000Z	0.82	0.40	-20.000000	20.000000
2018-03-29T03:41:00.000000000Z	-0.07	0.51	-20.000000	20.000000
2018-03-29T03:47:10.000000000Z	0.60	0.39	-20.000000	20.000000
2018-03-29T21:56:13.000000000Z	0.98	-0.22	-0.000005	0.000005
2018-03-30T06:26:10.000000000Z	0.34	0.09	-20.000000	20.000000
2018-03-30T06:32:00.000000000Z	0.94	-0.13	-20.000000	20.000000
2018-03-30T06:56:35.000000000Z	0.22	0.06	-20.000000	20.000000
2018-03-30T07:14:10.000000000Z	0.95	-0.22	-20.000000	20.000000
2018-03-30T07:20:35.000000000Z	0.00	0.14	-20.000000	20.000000
2018-03-31T03:11:28.274867500Z	-0.14	0.11	-0.000005	0.000005
2018-03-31T16:07:30.368906500Z	0.27	0.56	-0.000005	0.000005
2018-04-01T01:21:00.000000000Z	1.26	0.44	-20.000000	20.000000
2018-04-01T01:29:10.000000000Z	0.42	0.47	-20.000000	20.000000
2018-04-01T01:32:35.000000000Z	1.18	0.59	-20.000000	20.000000
2018-04-01T01:36:20.000000000Z	0.36	0.50	-20.000000	20.000000
2018-04-01T01:53:00.000000000Z	1.10	0.65	-20.000000	20.000000
2018-04-01T17:53:03.000000000Z	0.59	0.20	-0.000005	0.000005
2018-04-02T01:54:55.000000000Z	-0.17	0.23	-20.000000	20.000000
2018-04-02T02:05:15.000000000Z	0.50	0.31	-20.000000	20.000000
2018-04-02T02:30:35.000000000Z	-0.58	0.04	-20.000000	20.000000
2018-04-02T03:11:55.000000000Z	0.53	0.01	-20.000000	20.000000
2018-04-02T03:26:05.000000000Z	-0.55	0.01	-20.000000	20.000000
2018-04-02T03:35:00.000000000Z	0.42	0.05	-20.000000	20.000000
2018-04-02T04:12:10.000000000Z	-0.38	-0.05	-20.000000	20.000000
2018-04-02T04:14:30.000000000Z	0.45	-0.08	-20.000000	20.000000
2018-04-02T04:24:25.000000000Z	-0.45	-0.04	-20.000000	20.000000
2018-04-02T04:32:30.000000000Z	0.40	0.08	-20.000000	20.000000
2018-04-02T04:35:55.000000000Z	-0.53	0.09	-20.000000	20.000000
2018-04-02T23:01:32.258491500Z	-0.74	0.03	-0.000005	0.000005
2018-04-03T10:45:28.383924500Z	0.18	0.60	-0.000005	0.000005
2018-04-03T14:50:30.000000000Z	0.31	0.44	-20.000000	20.000000
2018-04-03T15:00:10.000000000Z	0.13	0.52	-20.000000	20.000000
2018-04-03T15:14:30.000000000Z	0.41	0.57	-20.000000	20.000000
2018-04-03T15:18:20.000000000Z	0.21	0.45	-20.000000	20.000000
2018-04-03T15:25:15.000000000Z	0.52	0.65	-20.000000	20.000000
2018-04-04T13:48:03.000000000Z	0.26	0.09	-0.000005	0.000005
2018-04-04T21:02:00.000000000Z	0.14	0.08	-20.000000	20.000000
2018-04-04T21:04:00.000000000Z	0.26	0.09	-20.000000	20.000000
2018-04-04T21:17:20.000000000Z	0.31	0.16	-20.000000	20.000000
2018-04-04T21:24:50.000000000Z	0.26	0.09	-20.000000	20.000000
2018-04-04T21:30:20.000000000Z	0.33	0.16	-20.000000	20.000000
2018-04-04T21:35:40.000000000Z	0.29	0.01	-20.000000	20.000000
2018-04-04T21:39:20.000000000Z	0.23	0.07	-20.000000	20.000000
2018-04-05T18:43:23.692287500Z	0.25	0.22	-0.000005	0.000005
2018-04-06T05:27:19.026989500Z	0.28	0.48	-0.000005	0.000005
2018-04-06T14:37:40.000000000Z	1.00	0.50	-20.000000	20.000000
2018-04-06T14:49:50.000000000Z	0.28	0.48	-20.000000	20.000000
2018-04-06T15:04:20.000000000Z	0.31	0.61	-20.000000	20.000000
2018-04-06T15:07:05.000000000Z	0.28	0.48	-20.000000	20.000000
2018-04-06T15:12:40.000000000Z	0.71	0.12	-20.000000	20.000000
2018-04-06T15:17:35.000000000Z	0.20	0.27	-20.000000	20.000000
2018-04-06T15:24:20.000000000Z	0.37	0.29	-20.000000	20.000000
2018-04-07T09:45:13.000000000Z	0.43	0.11	-0.000005	0.000005
2018-04-07T16:18:50.000000000Z	0.16	0.24	-20.000000	20.000000
2018-04-07T16:24:30.000000000Z	0.51	0.12	-20.000000	20.000000
2018-04-07T17:40:50.000000000Z	0.24	0.21	-20.000000	20.000000
2018-04-07T18:06:00.000000000Z	0.76	0.21	-20.000000	20.000000
2018-04-07T18:36:25.000000000Z	0.08	0.29	-20.000000	20.000000
2018-04-07T18:42:00.000000000Z	0.50	0.07	-20.000000	20.000000
2018-04-07T18:55:00.000000000Z	0.01	0.28	-20.000000	20.000000
2018-04-07T19:05:10.000000000Z	0.75	0.25	-20.000000	20.000000
2018-04-07T20:04:05.000000000Z	0.01	0.20	-20.000000	20.000000
2018-04-07T20:20:05.000000000Z	0.99	0.20	-20.000000	20.000000
2018-04-07T20:50:25.000000000Z	-0.18	0.07	-20.000000	20.000000
2018-04-08T14:55:30.416693500Z	0.07	0.05	-0.000005	0.000005
2018-04-09T00:11:35.070128500Z	0.28	0.43	-0.000005	0.000005
2018-04-09T08:17:15.000000000Z	0.84	0.07	-20.000000	20.000000
2018-04-09T08:22:55.000000000Z	0.44	0.42	-20.000000	20.000000
2018-04-09T08:25:35.000000000Z	1.04	0.01	-20.000000	20.000000
2018-04-09T08:32:40.000000000Z	0.40	0.59	-20.000000	20.000000
2018-04-09T10:17:30.000000000Z	0.88	0.65	-20.000000	20.000000
2018-04-09T10:30:50.000000000Z	0.66	0.86	-20.000000	20.000000
2018-04-09T10:48:30.000000000Z	1.87	0.38	-20.000000	20.000000
2018-04-10T05:51:13.000000000Z	1.32	-0.36	-0.000005	0.000005
2018-04-10T17:58:20.000000000Z	-0.37	-0.31	-20.000000	20.000000
2018-04-10T18:00:35.000000000Z	1.32	-0.36	-20.000000	20.000000
2018-04-10T18:02:15.000000000Z	-0.70	0.00	-20.000000	20.000000
2018-04-10T18:06:35.000000000Z	1.50	-0.97	-20.000000	20.000000
2018-04-10T18:15:25.000000000Z	-0.64	0.01	-20.000000	20.000000
2018-04-10T19:29:10.000000000Z	0.45	0.42	-20.000000	20.000000
2018-04-10T19:31:10.000000000Z	-0.59	0.02	-20.000000	20.000000
2018-04-11T10:43:31.359290000Z	-0.84	0.30	-0.000005	0.000005
2018-04-11T18:50:26.285940000Z	0.06	0.60	-0.000005	0.000005
2018-04-12T04:09:30.000000000Z	0.95	0.15	-20.000000	20.000000
2018-04-12T04:19:10.000000000Z	0.18	0.56	-20.000000	20.000000
2018-04-12T04:26:35.000000000Z	0.43	0.51	-20.000000	20.000000
2018-04-12T04:28:25.000000000Z	0.26	0.80	-20.000000	20.000000
2018-04-12T05:00:35.000000000Z	1.02	0.12	-20.000000	20.000000
2018-04-12T05:02:25.000000000Z	0.01	0.47	-20.000000	20.000000
2018-04-12T05:12:05.000000000Z	0.39	0.28	-20.000000	20.000000
2018-04-12T05:15:20.000000000Z	0.24	0.99	-20.000000	20.000000
2018-04-12T05:34:05.000000000Z	0.79	0.88	-20.000000	20.000000
2018-04-12T05:47:35.000000000Z	0.45	0.66	-20.000000	20.000000
2018-04-12T05:59:50.000000000Z	1.15	-0.25	-20.000000	20.000000
2018-04-12T06:07:05.000000000Z	-0.06	0.54	-20.000000	20.000000
2018-04-12T06:12:25.000000000Z	0.90	-0.22	-20.000000	20.000000
2018-04-12T06:25:55.000000000Z	0.23	0.67	-20.000000	20.000000
2018-04-12T06:50:50.000000000Z	0.98	0.84	-20.000000	20.000000
2018-04-13T01:57:03.000000000Z	0.50	0.43	-0.000005	0.000005
2018-04-13T16:58:40.000000000Z	-0.24	0.02	-20.000000	20.000000
2018-04-13T18:18:35.000000000Z	1.33	-0.48	-20.000000	20.000000
2018-04-13T18:29:15.000000000Z	-0.26	0.15	-20.000000	20.000000
2018-04-14T06:52:21.544565000Z	-0.53	0.11	-0.000005	0.000005
2018-04-14T13:19:17.070196000Z	0.11	0.36	-20.000000	20.000000
2018-04-14T21:32:15.000000000Z	0.53	0.19	-20.000000	20.000000
2018-04-14T23:06:35.000000000Z	0.09	0.38	-20.000000	20.000000
2018-04-14T23:11:20.000000000Z	0.33	0.12	-20.000000	20.000000
2018-04-15T22:00:03.000000000Z	0.49	0.06	-0.000005	0.000005
2018-04-17T02:23:19.631272000Z	-0.18	0.16	-0.000005	0.000005
2018-04-17T07:53:12.675761000Z	0.08	0.36	-20.000000	20.000000
2018-04-17T18:36:15.000000000Z	0.04	0.33	-20.000000	20.000000
2018-04-18T10:16:23.000000000Z	0.23	0.01	-0.000005	0.000005
2018-04-19T06:08:20.000000000Z	-0.01	0.09	-20.000000	20.000000
2018-04-19T14:17:19.563652500Z	-0.03	0.16	-0.000005	0.000005
2018-04-20T07:20:28.116152500Z	-0.05	0.14	-0.000005	0.000005
2018-04-20T08:05:20.000000000Z	-0.14	-0.31	-20.000000	20.000000
2018-04-20T08:13:25.000000000Z	0.33	0.16	-20.000000	20.000000
2018-04-20T08:42:00.000000000Z	0.87	-0.58	-20.000000	20.000000
2018-04-20T08:45:55.000000000Z	-0.12	-0.02	-20.000000	20.000000
2018-04-20T09:00:55.000000000Z	0.30	-0.87	-20.000000	20.000000
2018-04-20T09:08:45.000000000Z	0.70	0.52	-20.000000	20.000000
2018-04-20T17:13:25.000000000Z	3.13	1.93	-20.000000	20.000000
2018-04-20T17:21:35.000000000Z	0.53	0.49	-20.000000	20.000000
2018-04-20T18:44:20.000000000Z	2.10	0.15	-20.000000	20.000000
2018-04-21T05:52:23.000000000Z	0.42	-0.08	-0.000005	0.000005
2018-04-22T13:51:16.521904000Z	0.42	0.88	-0.000005	0.000005
2018-04-22T14:09:30.000000000Z	-0.31	0.24	-20.000000	20.000000
2018-04-22T15:02:00.000000000Z	0.44	0.47	-20.000000	20.000000
2018-04-23T02:59:39.086574000Z	0.47	0.01	-0.000005	0.000005
2018-04-23T03:35:25.000000000Z	0.47	0.44	-20.000000	20.000000
2018-04-23T03:42:40.000000000Z	0.60	0.51	-20.000000	20.000000
2018-04-23T03:51:15.000000000Z	0.26	0.51	-20.000000	20.000000
2018-04-23T04:09:40.000000000Z	0.44	0.30	-20.000000	20.000000
2018-04-23T04:22:05.000000000Z	0.38	0.61	-20.000000	20.000000
2018-04-23T04:28:55.000000000Z	0.54	0.28	-20.000000	20.000000
2018-04-23T05:05:10.000000000Z	0.25	0.41	-20.000000	20.000000
2018-04-23T05:13:25.000000000Z	0.45	0.13	-20.000000	20.000000
2018-04-23T05:17:00.000000000Z	0.33	0.45	-20.000000	20.000000
2018-04-23T05:24:15.000000000Z	0.58	0.36	-20.000000	20.000000
2018-04-23T05:36:05.000000000Z	0.21	0.66	-20.000000	20.000000
2018-04-23T05:38:10.000000000Z	0.69	0.83	-20.000000	20.000000
2018-04-23T11:59:30.000000000Z	0.62	0.71	-20.000000	20.000000
2018-04-23T12:02:10.000000000Z	0.36	0.49	-20.000000	20.000000
2018-04-24T01:26:13.000000000Z	0.45	-0.07	-0.000005	0.000005
2018-04-25T12:27:21.193532000Z	0.52	-0.28	-0.000005	0.000005
2018-04-25T13:19:10.000000000Z	-0.09	0.15	-20.000000	20.000000
2018-04-25T13:22:40.000000000Z	0.52	-0.28	-20.000000	20.000000
2018-04-25T13:28:50.000000000Z	-0.18	0.00	-20.000000	20.000000
2018-04-25T13:36:40.000000000Z	0.52	-0.28	-20.000000	20.000000
2018-04-25T23:12:26.681941000Z	-0.03	0.16	-0.000005	0.000005
2018-04-26T00:20:15.000000000Z	-0.14	0.33	-20.000000	20.000000
2018-04-26T00:22:25.000000000Z	0.07	0.21	-20.000000	20.000000
2018-04-26T01:06:20.000000000Z	0.36	0.54	-20.000000	20.000000
2018-04-26T01:11:15.000000000Z	-0.15	0.54	-20.000000	20.000000
2018-04-26T01:13:30.000000000Z	0.12	0.13	-20.000000	20.000000
2018-04-26T01:21:45.000000000Z	-0.00	0.20	-20.000000	20.000000
2018-04-26T01:25:10.000000000Z	0.01	0.15	-20.000000	20.000000
2018-04-26T01:43:40.000000000Z	0.23	0.55	-20.000000	20.000000
2018-04-26T01:54:20.000000000Z	0.45	0.35	-20.000000	20.000000
2018-04-26T02:03:55.000000000Z	0.09	0.25	-20.000000	20.000000
2018-04-26T02:08:00.000000000Z	0.39	0.24	-20.000000	20.000000
2018-04-26T02:17:40.000000000Z	0.25	0.37	-20.000000	20.000000
2018-04-26T03:45:05.000000000Z	0.12	0.26	-20.000000	20.000000
2018-04-26T05:22:20.000000000Z	0.08	0.33	-20.000000	20.000000
2018-04-26T05:35:10.000000000Z	0.08	0.22	-20.000000	20.000000
2018-04-26T06:07:30.000000000Z	0.04	0.29	-20.000000	20.000000
2018-04-26T07:07:45.000000000Z	0.22	0.36	-20.000000	20.000000
2018-04-26T07:09:50.000000000Z	0.12	0.28	-20.000000	20.000000
2018-04-26T07:12:05.000000000Z	0.35	0.10	-20.000000	20.000000
2018-04-26T07:14:30.000000000Z	0.14	0.30	-20.000000	20.000000
2018-04-26T07:36:50.000000000Z	0.44	-0.14	-20.000000	20.000000
2018-04-26T07:40:00.000000000Z	0.09	0.25	-20.000000	20.000000
2018-04-26T07:56:55.000000000Z	0.19	0.30	-20.000000	20.000000
2018-04-26T07:59:35.000000000Z	0.21	0.22	-20.000000	20.000000
2018-04-26T08:08:20.000000000Z	0.04	0.12	-20.000000	20.000000
2018-04-26T08:10:30.000000000Z	-0.00	0.28	-20.000000	20.000000
2018-04-26T08:14:10.000000000Z	0.13	0.46	-20.000000	20.000000
2018-04-26T08:22:10.000000000Z	0.24	0.31	-20.000000	20.000000
2018-04-26T08:24:20.000000000Z	0.38	0.37	-20.000000	20.000000
2018-04-26T08:40:15.000000000Z	0.04	0.28	-20.000000	20.000000
2018-04-26T08:44:10.000000000Z	0.18	0.31	-20.000000	20.000000
2018-04-26T20:35:13.000000000Z	0.31	0.07	-0.000005	0.000005
2018-04-27T18:22:10.000000000Z	0.16	-0.12	-20.000000	20.000000
2018-04-27T18:30:15.000000000Z	-0.17	0.03	-20.000000	20.000000
2018-04-27T18:36:20.000000000Z	0.13	-0.00	-20.000000	20.000000
2018-04-27T19:04:35.000000000Z	0.10	0.15	-20.000000	20.000000
2018-04-27T19:11:15.000000000Z	0.09	0.03	-20.000000	20.000000
2018-04-27T19:57:25.000000000Z	0.38	-0.34	-20.000000	20.000000
2018-04-27T20:02:25.000000000Z	0.07	0.00	-20.000000	20.000000
2018-04-27T20:25:30.000000000Z	0.20	-0.17	-20.000000	20.000000
2018-04-27T20:34:45.000000000Z	0.08	0.10	-20.000000	20.000000
2018-04-27T20:42:35.000000000Z	0.32	-0.03	-20.000000	20.000000
2018-04-27T21:01:55.000000000Z	0.09	0.03	-20.000000	20.000000
2018-04-28T09:25:32.568181000Z	-0.41	0.06	-0.000005	0.000005
2018-04-28T19:09:19.781752000Z	0.60	0.58	-0.000005	0.000005
2018-04-29T16:07:13.000000000Z	0.27	0.29	-0.000005	0.000005
2018-04-30T12:30:15.000000000Z	-0.03	0.03	-20.000000	20.000000
2018-04-30T12:34:15.000000000Z	0.27	0.29	-20.000000	20.000000
2018-05-01T07:05:32.993240500Z	0.18	0.14	-0.000005	0.000005
2018-05-01T14:25:22.556782500Z	0.31	0.85	-0.000005	0.000005
2018-05-02T11:38:13.000000000Z	-0.06	0.28	-0.000005	0.000005
2018-05-04T02:42:24.207919500Z	0.40	0.02	-0.000005	0.000005
2018-05-04T10:23:34.076343500Z	0.29	0.26	-0.000005	0.000005
2018-05-04T11:04:35.000000000Z	0.25	0.17	-20.000000	20.000000
2018-05-04T11:07:30.000000000Z	0.31	0.32	-20.000000	20.000000
2018-05-04T11:23:35.000000000Z	0.12	0.24	-20.000000	20.000000
2018-05-04T11:29:25.000000000Z	0.19	0.25	-20.000000	20.000000
2018-05-04T12:03:30.000000000Z	0.06	0.24	-20.000000	20.000000
2018-05-04T12:07:25.000000000Z	0.03	0.24	-20.000000	20.000000
2018-05-04T14:27:15.000000000Z	0.06	0.39	-20.000000	20.000000
2018-05-04T14:29:10.000000000Z	0.19	0.22	-20.000000	20.000000
2018-05-04T14:50:50.000000000Z	0.08	0.32	-20.000000	20.000000
2018-05-04T14:57:10.000000000Z	0.06	0.21	-20.000000	20.000000
2018-05-04T15:52:10.000000000Z	0.10	0.29	-20.000000	20.000000
2018-05-04T15:54:55.000000000Z	0.15	0.30	-20.000000	20.000000
2018-05-04T16:10:00.000000000Z	0.06	0.28	-20.000000	20.000000
2018-05-04T16:12:50.000000000Z	0.03	0.19	-20.000000	20.000000
2018-05-05T07:13:13.000000000Z	0.85	-0.45	-0.000005	0.000005
2018-05-06T22:50:34.598282500Z	-0.49	0.20	-0.000005	0.000005
2018-05-06T23:12:45.000000000Z	0.38	-0.25	-20.000000	20.000000
2018-05-06T23:15:00.000000000Z	-0.51	0.20	-20.000000	20.000000
2018-05-06T23:20:35.000000000Z	1.22	1.08	-20.000000	20.000000
2018-05-07T06:22:34.546607500Z	1.08	0.68	-0.000005	0.000005
2018-05-07T08:43:25.000000000Z	0.29	0.52	-20.000000	20.000000
2018-05-07T08:45:20.000000000Z	0.75	0.41	-20.000000	20.000000
2018-05-08T02:54:13.000000000Z	0.22	-0.35	-0.000005	0.000005
2018-05-09T18:20:32.211377500Z	1.04	-0.96	-0.000005	0.000005
2018-05-10T02:04:21.834420500Z	0.61	0.18	-0.000005	0.000005
2018-05-10T22:29:13.000000000Z	0.39	-0.77	-0.000005	0.000005
2018-05-12T14:16:34.156658500Z	0.05	-0.01	-0.000005	0.000005
2018-05-12T21:53:31.576199500Z	0.49	0.25	-0.000005	0.000005
2018-05-13T18:00:13.000000000Z	-0.03	-0.04	-0.000005	0.000005
2018-05-15T08:36:38.729311000Z	-0.39	0.39	-0.000005	0.000005
2018-05-15T17:31:22.174071000Z	0.06	0.16	-0.000005	0.000005
2018-05-16T13:32:03.000000000Z	0.51	-0.57	-0.000005	0.000005
2018-05-18T12:57:27.883232500Z	0.64	-0.03	-0.000005	0.000005
2018-05-20T06:16:05.980504000Z	-0.27	0.16	-0.000005	0.000005
2018-05-23T03:46:36.673866000Z	0.52	0.37	-0.000005	0.000005
2018-05-23T20:46:45.134438000Z	0.49	0.34	-20.000000	20.000000
2018-05-25T02:30:13.000000000Z	0.26	0.31	-0.000005	0.000005
2018-05-27T03:30:39.763652000Z	0.17	0.90	-0.000005	0.000005
2018-05-27T21:47:13.000000000Z	0.36	0.65	-0.000005	0.000005
2018-05-29T07:17:24.245198000Z	0.36	0.65	-20.000000	20.000000
