% UTC time [yyyy-mm-ddThh:mm:ss.mmmuuunnnZ]     DSL-X offset    DSL-Y offset	-dt	+dt, TAB separated
2015-01-01T00:00:00.000000000Z	2.55	0.00	-0.000005	0.000005
2015-07-28T13:39:24.000000000Z	2.70	0.08	-0.000005	0.000005
2015-07-31T13:18:54.000000000Z	1.94	0.07	-0.000005	0.000005
2015-08-01T13:11:54.000000000Z	2.43	0.19	-0.000005	0.000005
2015-08-02T13:04:54.000000000Z	2.09	0.06	-0.000005	0.000005
2015-08-03T12:58:04.000000000Z	2.00	-0.05	-0.000005	0.000005
2015-08-04T12:51:04.000000000Z	2.47	-0.19	-0.000005	0.000005
2015-08-05T12:44:14.000000000Z	2.60	-0.21	-0.000005	0.000005
2015-08-06T12:37:24.000000000Z	2.49	-0.12	-0.000005	0.000005
2015-08-07T12:30:44.000000000Z	2.41	-0.04	-0.000005	0.000005
2015-08-08T12:24:04.000000000Z	2.65	-0.04	-0.000005	0.000005
2015-08-09T12:17:24.000000000Z	2.44	-0.00	-0.000005	0.000005
2015-08-10T12:10:24.000000000Z	2.31	0.04	-0.000005	0.000005
2015-08-11T12:03:44.000000000Z	2.65	0.12	-0.000005	0.000005
2015-08-12T11:56:54.000000000Z	2.65	0.20	-0.000005	0.000005
2015-08-13T11:50:04.000000000Z	2.36	0.11	-0.000005	0.000005
2015-08-14T11:43:14.000000000Z	2.88	0.07	-0.000005	0.000005
2015-08-15T11:36:24.000000000Z	1.90	0.37	-0.000005	0.000005
2015-08-16T11:29:24.000000000Z	2.69	0.56	-0.000005	0.000005
2015-08-17T11:22:24.000000000Z	2.40	0.14	-0.000005	0.000005
2015-08-18T11:15:34.000000000Z	2.74	0.46	-0.000005	0.000005
2015-08-19T11:08:34.000000000Z	2.52	-0.09	-0.000005	0.000005
2015-08-20T11:01:44.000000000Z	2.44	-0.15	-0.000005	0.000005
2015-08-21T10:54:54.000000000Z	2.59	-0.24	-0.000005	0.000005
2015-08-22T10:48:14.000000000Z	2.54	-0.18	-0.000005	0.000005
2015-08-23T10:41:34.000000000Z	2.69	-0.34	-0.000005	0.000005
2015-08-24T10:35:04.000000000Z	1.99	-0.36	-0.000005	0.000005
2015-08-25T10:28:24.000000000Z	2.71	-0.36	-0.000005	0.000005
2015-08-26T10:21:44.000000000Z	2.62	-0.19	-0.000005	0.000005
2015-08-27T10:15:04.000000000Z	2.47	-0.16	-0.000005	0.000005
2015-08-28T10:08:14.000000000Z	1.47	0.21	-0.000005	0.000005
2015-08-29T10:01:14.000000000Z	2.22	-0.22	-0.000005	0.000005
2015-08-30T09:54:14.000000000Z	2.05	-0.09	-0.000005	0.000005
2015-09-01T09:40:24.000000000Z	2.33	-0.06	-0.000005	0.000005
2015-09-02T09:33:44.000000000Z	2.56	-0.10	-0.000005	0.000005
2015-09-04T09:20:24.000000000Z	2.57	-0.07	-0.000005	0.000005
2015-09-05T09:13:44.000000000Z	2.54	-0.04	-0.000005	0.000005
2015-09-06T09:07:04.000000000Z	2.67	0.00	-0.000005	0.000005
2015-09-07T07:30:24.000000000Z	2.18	0.26	-0.000005	0.000005
2015-09-09T07:16:54.000000000Z	1.40	0.35	-0.000005	0.000005
2015-09-10T07:10:04.000000000Z	2.17	0.38	-0.000005	0.000005
2015-09-11T07:03:14.000000000Z	2.30	0.58	-0.000005	0.000005
2015-09-12T06:56:24.000000000Z	2.56	0.01	-0.000005	0.000005
2015-09-13T06:49:34.000000000Z	2.49	0.01	-0.000005	0.000005
2015-09-15T06:35:44.000000000Z	2.38	-0.02	-0.000005	0.000005
2015-09-16T06:28:54.000000000Z	2.79	0.20	-0.000005	0.000005
2015-09-17T06:21:34.000000000Z	2.68	0.09	-0.000005	0.000005
2015-09-18T06:15:24.000000000Z	1.89	0.40	-0.000005	0.000005
2015-09-20T06:12:14.000000000Z	1.92	0.33	-0.000005	0.000005
2015-09-21T06:05:44.000000000Z	2.64	0.44	-0.000005	0.000005
2015-09-22T05:59:14.000000000Z	2.71	0.35	-0.000005	0.000005
2015-09-23T05:52:34.000000000Z	2.37	0.66	-0.000005	0.000005
2015-09-24T05:45:54.000000000Z	2.28	0.06	-0.000005	0.000005
2015-09-25T05:39:04.000000000Z	2.11	0.54	-0.000005	0.000005
2015-09-27T05:25:24.000000000Z	2.39	0.19	-0.000005	0.000005
2015-09-28T05:18:24.000000000Z	2.30	-0.08	-0.000005	0.000005
2015-09-29T05:11:44.000000000Z	2.32	-0.08	-0.000005	0.000005
2015-10-01T04:58:24.000000000Z	1.59	0.15	-0.000005	0.000005
2015-10-02T04:52:34.000000000Z	2.74	0.00	-0.000005	0.000005
2015-10-03T04:46:04.000000000Z	3.10	0.49	-0.000005	0.000005
2015-10-04T04:39:24.000000000Z	2.81	0.35	-0.000005	0.000005
2015-10-05T06:00:54.000000000Z	1.88	0.20	-0.000005	0.000005
2015-10-06T05:54:14.000000000Z	1.68	0.44	-0.000005	0.000005
2015-10-07T05:47:34.000000000Z	2.03	-0.09	-0.000005	0.000005
2015-10-08T05:40:54.000000000Z	2.60	0.19	-0.000005	0.000005
2015-10-09T05:34:04.000000000Z	2.20	0.34	-0.000005	0.000005
2015-10-10T05:27:24.000000000Z	2.46	-0.01	-0.000005	0.000005
2015-10-11T05:20:34.000000000Z	2.38	0.49	-0.000005	0.000005
2015-10-12T05:13:44.000000000Z	2.40	-0.22	-0.000005	0.000005
2015-10-13T05:06:54.000000000Z	3.07	0.52	-0.000005	0.000005
2015-10-14T05:00:14.000000000Z	1.59	-0.42	-0.000005	0.000005
2015-10-15T04:53:54.000000000Z	2.98	0.15	-0.000005	0.000005
2015-10-16T04:47:34.000000000Z	2.38	0.06	-0.000005	0.000005
2015-10-17T04:41:04.000000000Z	2.23	-0.18	-0.000005	0.000005
2015-10-18T04:34:44.000000000Z	2.62	-0.29	-0.000005	0.000005
2015-10-19T04:28:14.000000000Z	3.52	1.00	-0.000005	0.000005
2015-10-20T04:15:44.000000000Z	2.60	-0.07	-0.000005	0.000005
2015-10-21T04:09:14.000000000Z	2.26	-0.21	-0.000005	0.000005
2015-10-22T04:02:34.000000000Z	3.47	0.33	-0.000005	0.000005
2015-10-23T03:55:54.000000000Z	2.95	0.08	-0.000005	0.000005
2015-10-24T03:49:04.000000000Z	3.07	-0.16	-0.000005	0.000005
2015-10-25T03:42:14.000000000Z	2.62	-0.30	-0.000005	0.000005
2015-10-26T03:35:34.000000000Z	3.37	0.54	-0.000005	0.000005
2015-10-27T03:28:54.000000000Z	2.48	0.11	-0.000005	0.000005
2015-10-28T03:22:24.000000000Z	2.68	0.04	-0.000005	0.000005
2015-10-29T03:15:54.000000000Z	1.92	-0.23	-0.000005	0.000005
2015-10-30T03:09:24.000000000Z	2.41	-0.07	-0.000005	0.000005
2015-10-31T03:02:54.000000000Z	2.83	0.32	-0.000005	0.000005
2015-11-01T02:56:34.000000000Z	2.17	-0.22	-0.000005	0.000005
2015-11-02T02:49:55.000000000Z	1.99	-0.08	-0.000005	0.000005
2015-11-03T02:35:24.000000000Z	2.61	-0.24	-0.000005	0.000005
2015-11-04T02:28:54.000000000Z	2.64	-0.22	-0.000005	0.000005
2015-11-05T02:22:14.000000000Z	2.32	-0.14	-0.000005	0.000005
2015-11-06T02:15:34.000000000Z	2.85	0.36	-0.000005	0.000005
2015-11-09T01:55:24.000000000Z	2.26	-0.38	-0.000005	0.000005
2015-11-10T01:48:44.000000000Z	2.62	-0.19	-0.000005	0.000005
2015-11-11T01:42:14.000000000Z	2.64	-0.12	-0.000005	0.000005
2015-11-12T01:35:44.000000000Z	2.01	-0.29	-0.000005	0.000005
2015-11-13T01:29:14.000000000Z	2.31	-0.24	-0.000005	0.000005
2015-11-14T01:22:54.000000000Z	2.73	-0.09	-0.000005	0.000005
2015-11-15T01:16:34.000000000Z	2.66	-0.19	-0.000005	0.000005
2015-11-16T01:10:04.000000000Z	2.69	-0.29	-0.000005	0.000005
2015-11-17T01:05:44.000000000Z	2.74	-0.28	-0.000005	0.000005
2015-11-18T00:59:04.000000000Z	2.55	-0.34	-0.000005	0.000005
2015-11-19T00:52:34.000000000Z	2.66	-0.24	-0.000005	0.000005
2015-11-20T00:45:44.000000000Z	2.40	-0.23	-0.000005	0.000005
2015-11-21T00:39:04.000000000Z	2.40	-0.23	-0.000005	0.000005
2015-11-22T00:32:14.000000000Z	2.30	-0.18	-0.000005	0.000005
2015-11-23T00:25:34.000000000Z	2.47	-0.08	-0.000005	0.000005
2015-11-24T00:19:04.000000000Z	2.27	-0.12	-0.000005	0.000005
2015-11-25T00:12:24.000000000Z	1.89	-0.08	-0.000005	0.000005
2015-11-26T00:05:54.000000000Z	1.74	-0.02	-0.000005	0.000005
2015-11-26T23:59:34.000000000Z	1.66	-0.13	-0.000005	0.000005
2015-11-27T23:53:04.000000000Z	2.20	-0.19	-0.000005	0.000005
2015-11-28T23:46:34.000000000Z	2.68	0.01	-0.000005	0.000005
2015-11-29T23:40:04.000000000Z	2.47	-0.05	-0.000005	0.000005
2015-11-30T23:40:34.000000000Z	2.51	0.13	-0.000005	0.000005
2015-12-01T23:33:54.000000000Z	2.58	0.08	-0.000005	0.000005
2015-12-02T23:27:14.000000000Z	2.56	0.14	-0.000005	0.000005
2015-12-03T23:20:34.000000000Z	2.41	0.03	-0.000005	0.000005
2015-12-04T23:13:44.000000000Z	2.76	0.02	-0.000005	0.000005
2015-12-05T23:06:54.000000000Z	2.66	-0.25	-0.000005	0.000005
2015-12-06T23:00:14.000000000Z	2.69	-0.11	-0.000005	0.000005
2015-12-07T22:53:25.000000000Z	2.52	-0.20	-0.000005	0.000005
2015-12-08T22:46:54.000000000Z	2.69	0.20	-0.000005	0.000005
2015-12-09T22:40:24.000000000Z	3.09	-0.33	-0.000005	0.000005
2015-12-10T22:33:54.000000000Z	3.10	-0.27	-0.000005	0.000005
2015-12-11T22:27:24.000000000Z	2.88	-0.14	-0.000005	0.000005
2015-12-12T22:21:04.000000000Z	2.99	-0.27	-0.000005	0.000005
2015-12-13T22:14:24.000000000Z	2.84	-0.18	-0.000005	0.000005
2015-12-14T22:30:54.000000000Z	2.93	-0.07	-0.000005	0.000005
2015-12-15T22:24:14.000000000Z	2.07	0.00	-0.000005	0.000005
2015-12-16T22:17:24.000000000Z	2.42	0.08	-0.000005	0.000005
2015-12-17T22:10:34.000000000Z	2.30	0.03	-0.000005	0.000005
2015-12-18T22:03:44.000000000Z	2.52	-0.06	-0.000005	0.000005
2015-12-19T21:56:44.000000000Z	3.15	0.32	-0.000005	0.000005
2015-12-20T21:50:04.000000000Z	3.16	0.00	-0.000005	0.000005
2015-12-21T21:43:14.000000000Z	2.57	0.02	-0.000005	0.000005
2015-12-22T21:36:34.000000000Z	2.72	0.07	-0.000005	0.000005
2015-12-23T21:29:54.000000000Z	2.81	-0.01	-0.000005	0.000005
2015-12-24T21:23:24.000000000Z	2.57	0.07	-0.000005	0.000005
2015-12-25T21:16:44.000000000Z	2.33	0.14	-0.000005	0.000005
2015-12-26T21:10:04.000000000Z	2.27	-0.08	-0.000005	0.000005
2015-12-27T21:03:24.000000000Z	2.41	-0.01	-0.000005	0.000005
2015-12-28T21:31:34.000000000Z	2.25	-0.23	-0.000005	0.000005
2015-12-29T21:24:44.000000000Z	2.09	-0.13	-0.000005	0.000005
2015-12-30T21:17:54.000000000Z	2.46	-0.25	-0.000005	0.000005
2015-12-31T21:10:54.000000000Z	2.34	0.00	-0.000005	0.000005
2016-01-01T21:03:54.000000000Z	2.07	-0.03	-0.000005	0.000005
2016-01-02T20:57:04.000000000Z	2.56	-0.04	-0.000005	0.000005
2016-01-03T20:50:04.000000000Z	2.52	-0.24	-0.000005	0.000005
2016-01-04T20:43:14.000000000Z	2.22	0.11	-0.000005	0.000005
2016-01-05T20:36:24.000000000Z	2.51	0.44	-0.000005	0.000005
2016-01-06T20:29:34.000000000Z	2.93	-0.04	-0.000005	0.000005
2016-01-07T20:22:54.000000000Z	2.87	0.11	-0.000005	0.000005
2016-01-08T20:16:14.000000000Z	2.57	0.25	-0.000005	0.000005
2016-01-09T20:09:34.000000000Z	2.67	0.30	-0.000005	0.000005
2016-01-10T20:02:54.000000000Z	2.67	0.11	-0.000005	0.000005
2016-01-11T20:36:54.000000000Z	2.20	0.32	-0.000005	0.000005
2016-01-12T20:30:04.000000000Z	2.22	0.24	-0.000005	0.000005
2016-01-13T20:22:54.000000000Z	1.69	0.32	-0.000005	0.000005
2016-01-14T20:15:54.000000000Z	2.04	0.03	-0.000005	0.000005
2016-01-15T20:08:44.000000000Z	2.32	-0.02	-0.000005	0.000005
2016-01-16T20:01:44.000000000Z	1.16	0.09	-0.000005	0.000005
2016-01-17T19:54:44.000000000Z	1.87	0.01	-0.000005	0.000005
2016-01-18T19:47:54.000000000Z	2.03	0.03	-0.000005	0.000005
2016-01-19T19:40:44.000000000Z	2.43	0.22	-0.000005	0.000005
2016-01-20T19:33:54.000000000Z	1.92	-0.01	-0.000005	0.000005
2016-01-21T19:27:04.000000000Z	2.72	-0.17	-0.000005	0.000005
2016-01-22T19:20:14.000000000Z	1.95	0.23	-0.000005	0.000005
2016-01-23T19:13:14.000000000Z	2.36	-0.02	-0.000005	0.000005
2016-01-24T19:06:24.000000000Z	2.17	0.24	-0.000005	0.000005
2016-01-25T19:47:14.000000000Z	1.99	0.08	-0.000005	0.000005
2016-01-26T19:40:14.000000000Z	1.35	0.04	-0.000005	0.000005
2016-01-27T19:33:04.000000000Z	1.42	0.01	-0.000005	0.000005
2016-01-28T19:25:54.000000000Z	2.24	-0.07	-0.000005	0.000005
2016-01-29T19:18:44.000000000Z	1.41	-0.11	-0.000005	0.000005
2016-01-30T19:11:24.000000000Z	0.67	0.03	-0.000005	0.000005
2016-01-31T19:04:24.000000000Z	1.26	-0.06	-0.000005	0.000005
2016-02-01T18:57:14.000000000Z	0.79	-0.06	-0.000005	0.000005
2016-02-02T18:50:14.000000000Z	1.77	-0.18	-0.000005	0.000005
2016-02-03T18:43:14.000000000Z	0.87	0.14	-0.000005	0.000005
2016-02-04T18:36:24.000000000Z	2.02	-0.09	-0.000005	0.000005
2016-02-05T18:29:34.000000000Z	1.92	-0.25	-0.000005	0.000005
2016-02-06T18:22:34.000000000Z	2.22	-0.56	-0.000005	0.000005
2016-02-07T18:15:34.000000000Z	2.02	-0.26	-0.000005	0.000005
2016-02-08T18:52:34.000000000Z	1.34	0.22	-0.000005	0.000005
2016-02-09T18:45:24.000000000Z	1.72	0.11	-0.000005	0.000005
2016-02-10T18:38:04.000000000Z	1.88	-0.29	-0.000005	0.000005
2016-02-11T18:30:44.000000000Z	1.16	0.23	-0.000005	0.000005
2016-02-12T18:23:34.000000000Z	1.68	-0.56	-0.000005	0.000005
2016-02-13T18:16:14.000000000Z	1.53	0.13	-0.000005	0.000005
2016-02-14T18:09:04.000000000Z	2.00	-0.22	-0.000005	0.000005
2016-02-15T18:02:04.000000000Z	2.14	0.15	-0.000005	0.000005
2016-02-16T17:55:04.000000000Z	1.81	0.25	-0.000005	0.000005
2016-02-17T17:48:04.000000000Z	1.23	0.25	-0.000005	0.000005
2016-02-18T17:41:04.000000000Z	1.34	0.12	-0.000005	0.000005
2016-02-19T17:34:04.000000000Z	1.67	-0.15	-0.000005	0.000005
2016-02-20T17:26:54.000000000Z	2.02	0.05	-0.000005	0.000005
2016-02-21T17:19:54.000000000Z	1.36	0.04	-0.000005	0.000005
2016-02-22T18:07:44.000000000Z	1.44	0.01	-0.000005	0.000005
2016-02-23T18:00:24.000000000Z	1.64	-0.12	-0.000005	0.000005
2016-02-24T17:53:14.000000000Z	1.01	0.05	-0.000005	0.000005
2016-02-25T17:45:54.000000000Z	1.18	-0.19	-0.000005	0.000005
2016-02-26T17:38:34.000000000Z	1.72	-0.19	-0.000005	0.000005
2016-02-27T17:31:14.000000000Z	1.69	-0.13	-0.000005	0.000005
2016-02-28T17:24:04.000000000Z	2.03	-0.14	-0.000005	0.000005
2016-02-29T17:16:54.000000000Z	0.74	0.04	-0.000005	0.000005
2016-03-01T17:09:54.000000000Z	1.73	-0.16	-0.000005	0.000005
2016-03-02T17:02:54.000000000Z	2.01	-0.20	-0.000005	0.000005
2016-03-03T16:55:54.000000000Z	2.17	-0.17	-0.000005	0.000005
2016-03-04T16:48:54.000000000Z	2.18	-0.26	-0.000005	0.000005
2016-03-06T16:34:54.000000000Z	1.73	-0.07	-0.000005	0.000005
2016-03-07T16:57:44.000000000Z	1.12	0.04	-0.000005	0.000005
2016-09-26T12:50:14.000000000Z	0.96	0.26	-0.000005	0.000005
2016-09-27T12:45:14.000000000Z	1.40	0.15	-0.000005	0.000005
2016-09-28T12:35:14.000000000Z	1.21	0.18	-0.000005	0.000005
2016-09-29T12:30:14.000000000Z	1.41	0.36	-0.000005	0.000005
2016-09-30T12:25:14.000000000Z	1.52	0.38	-0.000005	0.000005
2016-10-01T12:15:14.000000000Z	1.60	0.31	-0.000005	0.000005
2016-10-02T12:10:14.000000000Z	1.45	0.21	-0.000005	0.000005
2016-10-03T12:00:04.000000000Z	1.62	0.17	-0.000005	0.000005
2016-10-04T11:55:04.000000000Z	1.54	0.29	-0.000005	0.000005
2016-10-05T11:50:14.000000000Z	1.61	0.25	-0.000005	0.000005
2016-10-06T11:40:14.000000000Z	1.50	0.15	-0.000005	0.000005
2016-10-07T11:35:04.000000000Z	1.67	0.10	-0.000005	0.000005
2016-10-08T11:25:04.000000000Z	1.79	0.12	-0.000005	0.000005
2016-10-09T11:20:14.000000000Z	1.53	0.06	-0.000005	0.000005
2016-10-10T11:15:05.000000000Z	1.31	0.08	-0.000005	0.000005
2016-10-11T11:05:04.000000000Z	1.40	0.06	-0.000005	0.000005
2016-10-12T11:00:14.000000000Z	1.61	0.02	-0.000005	0.000005
2016-10-13T10:55:04.000000000Z	1.51	0.18	-0.000005	0.000005
2016-10-14T10:45:04.000000000Z	1.29	-0.09	-0.000005	0.000005
2016-10-15T10:40:04.000000000Z	1.45	0.12	-0.000005	0.000005
2016-10-17T10:25:04.000000000Z	1.46	0.24	-0.000005	0.000005
2016-10-18T10:15:04.000000000Z	1.66	0.32	-0.000005	0.000005
2016-10-19T10:10:04.000000000Z	2.02	0.10	-0.000005	0.000005
2016-10-20T10:05:04.000000000Z	1.30	0.00	-0.000005	0.000005
2016-10-21T09:55:04.000000000Z	1.44	0.04	-0.000005	0.000005
2016-10-22T09:50:04.000000000Z	1.13	0.16	-0.000005	0.000005
2016-10-23T09:40:04.000000000Z	1.38	0.05	-0.000005	0.000005
2016-10-24T09:35:04.000000000Z	1.24	-0.12	-0.000005	0.000005
2016-10-25T09:30:04.000000000Z	1.68	-0.39	-0.000005	0.000005
2016-10-26T09:19:54.000000000Z	0.62	-0.36	-0.000005	0.000005
2016-10-27T09:15:04.000000000Z	0.60	-0.31	-0.000005	0.000005
2016-10-28T09:04:54.000000000Z	1.38	0.26	-0.000005	0.000005
2016-10-29T09:00:04.000000000Z	1.45	0.30	-0.000005	0.000005
2016-10-30T08:55:04.000000000Z	0.59	-0.15	-0.000005	0.000005
2016-10-31T08:44:54.000000000Z	1.87	0.30	-0.000005	0.000005
2016-11-01T08:39:54.000000000Z	0.97	-0.20	-0.000005	0.000005
2016-11-02T08:30:04.000000000Z	0.91	-0.28	-0.000005	0.000005
2016-11-03T08:24:54.000000000Z	0.91	-0.23	-0.000005	0.000005
2016-11-04T08:19:54.000000000Z	1.36	0.03	-0.000005	0.000005
2016-11-05T08:09:54.000000000Z	1.35	-0.04	-0.000005	0.000005
2016-11-06T08:04:54.000000000Z	1.14	-0.06	-0.000005	0.000005
2016-11-07T07:59:54.000000000Z	1.08	0.07	-0.000005	0.000005
2016-11-08T07:49:54.000000000Z	1.09	-0.04	-0.000005	0.000005
2016-11-09T07:44:54.000000000Z	0.81	-0.13	-0.000005	0.000005
2016-11-10T07:34:54.000000000Z	1.64	-0.25	-0.000005	0.000005
2016-11-11T07:29:54.000000000Z	1.78	-0.16	-0.000005	0.000005
2016-11-12T07:19:54.000000000Z	1.94	0.05	-0.000005	0.000005
2016-11-13T07:14:54.000000000Z	1.24	-0.02	-0.000005	0.000005
2016-11-14T07:09:54.000000000Z	0.69	-0.27	-0.000005	0.000005
2016-11-15T06:59:54.000000000Z	0.82	-0.22	-0.000005	0.000005
2016-11-16T06:54:54.000000000Z	1.38	0.07	-0.000005	0.000005
2016-11-17T06:44:54.000000000Z	1.67	0.42	-0.000005	0.000005
2016-11-18T06:39:54.000000000Z	1.57	0.40	-0.000005	0.000005
2016-11-19T06:34:54.000000000Z	1.16	-0.15	-0.000005	0.000005
2016-11-20T06:24:54.000000000Z	1.10	-0.14	-0.000005	0.000005
2016-11-21T06:19:44.000000000Z	1.14	-0.18	-0.000005	0.000005
2016-11-22T06:14:44.000000000Z	1.46	-0.21	-0.000005	0.000005
2016-11-23T06:04:54.000000000Z	1.13	-0.17	-0.000005	0.000005
2016-11-24T05:59:54.000000000Z	1.59	-0.26	-0.000005	0.000005
2016-11-25T05:49:54.000000000Z	1.45	0.12	-0.000005	0.000005
2016-11-26T05:44:54.000000000Z	1.63	0.23	-0.000005	0.000005
2016-11-27T05:34:54.000000000Z	1.80	0.27	-0.000005	0.000005
2016-11-28T05:29:54.000000000Z	1.42	-0.05	-0.000005	0.000005
2016-11-29T05:24:44.000000000Z	1.44	-0.01	-0.000005	0.000005
2016-11-30T05:14:54.000000000Z	1.45	0.01	-0.000005	0.000005
2016-12-01T05:09:44.000000000Z	1.46	-0.03	-0.000005	0.000005
2016-12-02T04:59:44.000000000Z	1.29	-0.08	-0.000005	0.000005
2016-12-03T04:54:44.000000000Z	1.20	-0.12	-0.000005	0.000005
2016-12-04T04:49:44.000000000Z	0.78	-0.14	-0.000005	0.000005
2016-12-05T04:39:44.000000000Z	1.12	-0.15	-0.000005	0.000005
2016-12-06T04:34:44.000000000Z	1.26	-0.20	-0.000005	0.000005
2016-12-07T04:29:44.000000000Z	1.36	-0.17	-0.000005	0.000005
2016-12-08T04:19:44.000000000Z	1.44	-0.19	-0.000005	0.000005
2016-12-09T04:14:44.000000000Z	1.46	-0.18	-0.000005	0.000005
2016-12-10T04:04:44.000000000Z	1.29	-0.04	-0.000005	0.000005
2016-12-11T03:59:44.000000000Z	1.10	-0.23	-0.000005	0.000005
2016-12-12T03:54:44.000000000Z	1.72	0.10	-0.000005	0.000005
2016-12-13T03:44:44.000000000Z	1.63	0.06	-0.000005	0.000005
2016-12-14T03:39:44.000000000Z	1.25	-0.06	-0.000005	0.000005
2016-12-15T03:29:44.000000000Z	1.32	-0.08	-0.000005	0.000005
2016-12-16T03:24:44.000000000Z	1.34	-0.08	-0.000005	0.000005
2016-12-17T03:19:44.000000000Z	1.19	-0.17	-0.000005	0.000005
2016-12-18T03:09:34.000000000Z	1.54	-0.22	-0.000005	0.000005
2016-12-19T03:04:44.000000000Z	1.16	-0.18	-0.000005	0.000005
2016-12-20T02:54:44.000000000Z	1.25	-0.18	-0.000005	0.000005
2016-12-21T02:49:43.000000000Z	1.51	-0.30	-0.000005	0.000005
2016-12-22T02:44:44.000000000Z	1.47	-0.33	-0.000005	0.000005
2016-12-23T02:34:44.000000000Z	1.38	-0.43	-0.000005	0.000005
2016-12-24T02:29:44.000000000Z	1.39	-0.07	-0.000005	0.000005
2016-12-25T02:19:44.000000000Z	1.37	-0.23	-0.000005	0.000005
2016-12-26T02:14:44.000000000Z	1.56	-0.28	-0.000005	0.000005
2016-12-27T02:09:44.000000000Z	1.28	-0.15	-0.000005	0.000005
2016-12-28T01:59:44.000000000Z	1.28	-0.18	-0.000005	0.000005
2016-12-29T01:54:44.000000000Z	1.32	-0.14	-0.000005	0.000005
2016-12-30T01:49:34.000000000Z	1.13	-0.10	-0.000005	0.000005
2016-12-31T01:39:44.000000000Z	0.80	-0.10	-0.000005	0.000005
2017-01-01T01:34:33.000000000Z	1.63	-0.27	-0.000005	0.000005
2017-01-02T01:24:43.000000000Z	1.28	-0.15	-0.000005	0.000005
2017-01-03T01:19:33.000000000Z	1.37	-0.11	-0.000005	0.000005
2017-01-04T01:14:33.000000000Z	1.75	-0.11	-0.000005	0.000005
2017-01-05T01:04:43.000000000Z	1.52	-0.04	-0.000005	0.000005
2017-01-06T00:59:33.000000000Z	1.36	-0.02	-0.000005	0.000005
2017-01-07T00:49:33.000000000Z	1.31	-0.10	-0.000005	0.000005
2017-01-08T00:44:33.000000000Z	1.41	-0.10	-0.000005	0.000005
2017-01-09T00:39:33.000000000Z	1.13	0.09	-0.000005	0.000005
2017-01-10T00:34:33.000000000Z	1.33	0.09	-0.000005	0.000005
2017-01-11T00:29:33.000000000Z	1.23	0.15	-0.000005	0.000005
2017-01-12T00:19:33.000000000Z	1.20	0.13	-0.000005	0.000005
2017-01-13T00:14:33.000000000Z	1.21	0.12	-0.000005	0.000005
2017-01-14T00:09:33.000000000Z	1.28	0.08	-0.000005	0.000005
2017-01-15T00:04:33.000000000Z	1.03	0.13	-0.000005	0.000005
2017-01-15T23:59:33.000000000Z	1.03	0.12	-0.000005	0.000005
2017-01-16T23:54:33.000000000Z	1.05	0.12	-0.000005	0.000005
2017-01-17T23:44:33.000000000Z	1.10	0.02	-0.000005	0.000005
2017-01-18T23:39:33.000000000Z	1.62	0.02	-0.000005	0.000005
2017-01-19T23:39:33.000000000Z	1.52	0.02	-0.000005	0.000005
2017-01-20T23:29:33.000000000Z	1.39	0.10	-0.000005	0.000005
2017-01-21T23:24:33.000000000Z	1.45	0.11	-0.000005	0.000005
2017-01-22T23:19:33.000000000Z	1.16	0.24	-0.000005	0.000005
2017-01-23T23:15:23.000000000Z	1.33	0.13	-0.000005	0.000005
2017-01-24T23:10:23.000000000Z	1.31	0.15	-0.000005	0.000005
2017-01-25T23:05:23.000000000Z	1.34	0.15	-0.000005	0.000005
2017-01-26T23:00:23.000000000Z	1.65	-0.01	-0.000005	0.000005
2017-01-27T22:50:23.000000000Z	1.66	0.07	-0.000005	0.000005
2017-01-28T22:45:23.000000000Z	1.55	-0.00	-0.000005	0.000005
2017-01-29T22:45:23.000000000Z	1.33	0.16	-0.000005	0.000005
2017-01-30T22:40:23.000000000Z	1.86	0.16	-0.000005	0.000005
2017-02-03T22:12:33.000000000Z	1.37	-0.09	-0.000005	0.000005
2017-02-04T22:05:43.000000000Z	1.67	-0.03	-0.000005	0.000005
2017-02-05T21:59:03.000000000Z	1.00	0.13	-0.000005	0.000005
2017-02-06T21:52:23.000000000Z	1.09	0.06	-0.000005	0.000005
2017-02-07T21:45:43.000000000Z	0.80	0.16	-0.000005	0.000005
2017-02-08T21:39:13.000000000Z	1.45	0.09	-0.000005	0.000005
2017-05-02T06:01:43.000000000Z	0.88	-0.17	-0.000005	0.000005
2017-05-05T01:16:43.000000000Z	1.17	-0.31	-0.000005	0.000005
2017-05-05T23:37:06.000000000Z	0.78	0.57	-0.000005	0.000005
2017-05-10T15:39:33.000000000Z	1.16	-0.42	-0.000005	0.000005
2017-05-11T14:23:58.000000000Z	0.78	0.10	-0.000005	0.000005
2017-05-13T10:49:13.000000000Z	1.06	-0.41	-0.000005	0.000005
2017-05-14T09:38:43.000000000Z	0.77	0.11	-0.000005	0.000005
2017-05-16T06:01:53.000000000Z	1.23	-0.36	-0.000005	0.000005
2017-05-17T05:00:16.000000000Z	1.11	-0.04	-0.000005	0.000005
2017-05-19T01:18:33.000000000Z	1.31	-0.40	-0.000005	0.000005
2017-05-20T00:17:49.000000000Z	1.39	0.08	-0.000005	0.000005
2017-05-21T20:28:23.000000000Z	1.50	-0.11	-0.000005	0.000005
2017-05-22T19:32:22.000000000Z	1.37	-0.04	-0.000005	0.000005
2017-05-24T15:41:43.000000000Z	1.51	-0.09	-0.000005	0.000005
2017-05-25T14:49:02.000000000Z	1.39	0.00	-0.000005	0.000005
2017-05-27T17:48:53.000000000Z	1.28	-0.15	-0.000005	0.000005
2017-05-28T15:05:32.000000000Z	1.53	0.10	-0.000005	0.000005
2017-05-28T22:00:00.000000000Z	1.01	0.80	-20.000000	20.000000
2017-05-30T13:35:43.000000000Z	1.53	0.08	-0.000005	0.000005
2017-05-31T10:45:38.000000000Z	1.29	0.18	-0.000005	0.000005
2017-06-02T09:30:53.000000000Z	1.47	0.15	-0.000005	0.000005
2017-06-03T06:33:34.000000000Z	1.37	0.29	-0.000005	0.000005
2017-06-05T05:24:53.000000000Z	1.35	0.23	-0.000005	0.000005
2017-06-06T02:18:14.000000000Z	1.29	0.24	-0.000005	0.000005
2017-06-08T01:17:03.000000000Z	1.43	0.17	-0.000005	0.000005
2017-06-08T21:59:21.000000000Z	1.33	0.22	-0.000005	0.000005
2017-06-10T21:08:53.000000000Z	1.32	0.10	-0.000005	0.000005
2017-06-11T17:40:59.000000000Z	1.42	0.17	-0.000005	0.000005
2017-06-13T17:07:53.000000000Z	1.46	-0.02	-0.000005	0.000005
2017-06-14T13:34:58.000000000Z	1.30	0.07	-0.000005	0.000005
2017-06-16T12:54:53.000000000Z	1.50	-0.14	-0.000005	0.000005
2017-06-17T09:20:45.000000000Z	1.59	0.17	-0.000005	0.000005
2017-06-18T23:05:33.000000000Z	1.45	-0.05	-0.000005	0.000005
2017-06-19T22:42:06.000000000Z	1.32	0.02	-0.000005	0.000005
2017-06-21T18:41:03.000000000Z	1.42	-0.10	-0.000005	0.000005
2017-06-22T18:20:26.000000000Z	1.24	0.01	-0.000005	0.000005
2017-06-24T14:20:43.000000000Z	1.31	-0.12	-0.000005	0.000005
2017-06-25T14:01:02.000000000Z	1.42	0.03	-0.000005	0.000005
2017-06-27T10:07:03.000000000Z	1.47	-0.15	-0.000005	0.000005
2017-06-28T09:48:21.000000000Z	1.34	-0.01	-0.000005	0.000005
2017-06-30T05:56:03.000000000Z	1.42	-0.21	-0.000005	0.000005
2017-07-01T05:35:38.000000000Z	1.49	0.04	-0.000005	0.000005
2017-07-03T01:36:53.000000000Z	1.45	-0.23	-0.000005	0.000005
2017-07-04T01:19:13.000000000Z	1.42	-0.00	-0.000005	0.000005
2017-07-05T21:21:53.000000000Z	1.39	-0.21	-0.000005	0.000005
2017-07-06T21:05:34.000000000Z	1.46	-0.03	-0.000005	0.000005
2017-07-08T17:22:13.000000000Z	1.40	-0.18	-0.000005	0.000005
2017-07-09T17:03:38.000000000Z	1.55	0.01	-0.000005	0.000005
2017-07-11T13:08:23.000000000Z	1.58	-0.25	-0.000005	0.000005
2017-07-12T12:50:14.000000000Z	1.40	-0.11	-0.000005	0.000005
2017-07-14T08:57:23.000000000Z	1.52	-0.26	-0.000005	0.000005
2017-07-15T08:39:34.000000000Z	1.46	-0.09	-0.000005	0.000005
2017-07-17T04:47:13.000000000Z	1.50	-0.26	-0.000005	0.000005
2017-07-18T04:28:23.000000000Z	1.36	-0.14	-0.000005	0.000005
2017-07-20T00:23:53.000000000Z	1.33	-0.13	-0.000005	0.000005
2017-07-21T00:04:44.000000000Z	1.42	-0.13	-0.000005	0.000005
2017-07-22T20:14:23.000000000Z	1.51	-0.12	-0.000005	0.000005
2017-07-23T20:02:50.000000000Z	1.36	-0.17	-0.000005	0.000005
2017-07-25T15:50:53.000000000Z	1.53	-0.13	-0.000005	0.000005
2017-07-26T15:29:33.000000000Z	1.42	-0.28	-0.000005	0.000005
2017-07-28T11:34:13.000000000Z	1.48	-0.22	-0.000005	0.000005
2017-07-29T11:11:08.000000000Z	1.41	-0.29	-0.000005	0.000005
2017-07-31T07:09:33.000000000Z	1.36	-0.22	-0.000005	0.000005
2017-08-01T06:44:34.000000000Z	1.38	-0.25	-0.000005	0.000005
2017-08-03T03:00:03.000000000Z	1.27	-0.17	-0.000005	0.000005
2017-08-04T02:31:36.000000000Z	1.32	-0.14	-0.000005	0.000005
2017-08-05T22:47:03.000000000Z	1.48	-0.17	-0.000005	0.000005
2017-08-06T22:14:19.000000000Z	1.54	-0.15	-0.000005	0.000005
2017-08-08T18:17:24.000000000Z	1.40	-0.15	-0.000005	0.000005
2017-08-11T13:54:15.000000000Z	1.45	-0.08	-0.000005	0.000005
2017-08-14T09:33:38.000000000Z	1.27	-0.12	-0.000005	0.000005
2017-08-17T05:05:43.000000000Z	1.51	-0.08	-0.000005	0.000005
2017-08-20T00:50:58.000000000Z	1.54	-0.07	-0.000005	0.000005
2017-08-22T20:16:09.000000000Z	1.70	-0.07	-0.000005	0.000005
2017-08-25T15:43:07.000000000Z	1.39	-0.15	-0.000005	0.000005
2017-08-28T11:01:43.000000000Z	1.41	-0.14	-0.000005	0.000005
2017-08-31T06:32:03.000000000Z	1.58	-0.05	-0.000005	0.000005
2017-09-03T01:59:43.000000000Z	1.71	-0.11	-0.000005	0.000005
2017-09-05T21:21:53.000000000Z	1.68	-0.12	-0.000005	0.000005
2017-09-08T16:36:13.000000000Z	1.27	-0.10	-0.000005	0.000005
2017-09-10T23:45:33.000000000Z	1.37	0.05	-0.000005	0.000005
2017-09-12T11:00:00.000000000Z	1.44	-0.00	-20.000000	20.000000
2017-09-13T19:20:33.000000000Z	0.87	0.32	-0.000005	0.000005
2017-09-16T14:40:33.000000000Z	1.55	0.44	-0.000005	0.000005
2017-09-19T10:05:33.000000000Z	0.97	0.31	-0.000005	0.000005
2017-09-22T05:30:43.000000000Z	1.03	0.48	-0.000005	0.000005
2017-09-25T00:55:33.000000000Z	1.14	0.26	-0.000005	0.000005
2017-09-27T20:20:33.000000000Z	1.38	0.16	-0.000005	0.000005
2017-09-30T15:40:33.000000000Z	1.56	0.41	-0.000005	0.000005
2017-10-03T11:18:43.000000000Z	1.14	0.40	-0.000005	0.000005
2017-10-03T20:36:50.000000000Z	0.73	0.08	-20.000000	20.000000
2017-10-03T20:51:50.000000000Z	1.14	0.40	-20.000000	20.000000
2017-10-04T02:28:10.000000000Z	0.73	0.08	-20.000000	20.000000
2017-10-04T02:55:50.000000000Z	1.14	0.40	-20.000000	20.000000
2017-10-06T13:53:03.000000000Z	1.49	0.60	-0.000005	0.000005
2017-10-06T16:01:10.000000000Z	0.76	0.21	-20.000000	20.000000
2017-10-06T16:04:30.000000000Z	1.49	0.60	-20.000000	20.000000
2017-10-06T21:12:50.000000000Z	0.76	0.21	-20.000000	20.000000
2017-10-06T22:06:10.000000000Z	1.49	0.60	-20.000000	20.000000
2017-10-06T22:10:30.000000000Z	0.76	0.21	-20.000000	20.000000
2017-10-06T22:33:10.000000000Z	1.49	0.60	-20.000000	20.000000
2017-10-06T22:56:10.000000000Z	0.76	0.21	-20.000000	20.000000
2017-10-06T23:04:30.000000000Z	1.49	0.60	-20.000000	20.000000
2017-10-09T10:40:13.000000000Z	0.95	0.46	-0.000005	0.000005
2017-10-09T18:14:50.000000000Z	0.96	0.26	-20.000000	20.000000
2017-10-09T19:04:10.000000000Z	0.95	0.46	-20.000000	20.000000
2017-10-09T19:55:10.000000000Z	0.96	0.26	-20.000000	20.000000
2017-10-09T21:14:50.000000000Z	0.95	0.46	-20.000000	20.000000
2017-10-09T21:33:10.000000000Z	0.96	0.26	-20.000000	20.000000
2017-10-10T08:11:30.000000000Z	0.95	0.46	-20.000000	20.000000
2017-10-12T06:59:13.000000000Z	0.71	0.39	-0.000005	0.000005
2017-10-12T07:26:10.000000000Z	1.07	0.29	-20.000000	20.000000
2017-10-12T07:32:30.000000000Z	0.71	0.39	-20.000000	20.000000
2017-10-12T12:33:50.000000000Z	1.07	0.29	-20.000000	20.000000
2017-10-12T12:37:10.000000000Z	0.71	0.39	-20.000000	20.000000
2017-10-12T13:02:30.000000000Z	1.07	0.29	-20.000000	20.000000
2017-10-12T13:13:30.000000000Z	0.71	0.39	-20.000000	20.000000
2017-10-12T13:23:10.000000000Z	1.07	0.29	-20.000000	20.000000
2017-10-12T13:37:30.000000000Z	0.71	0.39	-20.000000	20.000000
2017-10-12T13:44:50.000000000Z	1.07	0.29	-20.000000	20.000000
2017-10-12T13:50:10.000000000Z	0.71	0.39	-20.000000	20.000000
2017-10-12T14:17:50.000000000Z	1.07	0.29	-20.000000	20.000000
2017-10-12T15:00:10.000000000Z	0.71	0.39	-20.000000	20.000000
2017-10-12T15:22:30.000000000Z	1.07	0.29	-20.000000	20.000000
2017-10-12T15:37:10.000000000Z	0.71	0.39	-20.000000	20.000000
2017-10-12T17:10:50.000000000Z	1.07	0.29	-20.000000	20.000000
2017-10-12T17:15:50.000000000Z	0.71	0.39	-20.000000	20.000000
2017-10-12T17:27:10.000000000Z	1.07	0.29	-20.000000	20.000000
2017-10-12T18:58:50.000000000Z	0.71	0.39	-20.000000	20.000000
2017-10-12T19:07:10.000000000Z	1.07	0.29	-20.000000	20.000000
2017-10-12T19:14:30.000000000Z	0.71	0.39	-20.000000	20.000000
2017-10-12T19:33:10.000000000Z	1.07	0.29	-20.000000	20.000000
2017-10-12T19:39:10.000000000Z	0.71	0.39	-20.000000	20.000000
2017-10-12T20:02:50.000000000Z	1.07	0.29	-20.000000	20.000000
2017-10-12T20:11:30.000000000Z	0.71	0.39	-20.000000	20.000000
2017-10-12T21:31:50.000000000Z	1.07	0.29	-20.000000	20.000000
2017-10-12T21:39:50.000000000Z	0.71	0.39	-20.000000	20.000000
2017-10-12T23:17:50.000000000Z	1.07	0.29	-20.000000	20.000000
2017-10-12T23:29:10.000000000Z	0.71	0.39	-20.000000	20.000000
2017-10-12T23:36:10.000000000Z	1.07	0.29	-20.000000	20.000000
2017-10-13T00:13:30.000000000Z	0.71	0.39	-20.000000	20.000000
2017-10-13T00:44:10.000000000Z	1.07	0.29	-20.000000	20.000000
2017-10-13T00:55:30.000000000Z	0.71	0.39	-20.000000	20.000000
2017-10-13T01:20:10.000000000Z	1.07	0.29	-20.000000	20.000000
2017-10-13T01:38:30.000000000Z	0.71	0.39	-20.000000	20.000000
2017-10-13T01:43:50.000000000Z	1.07	0.29	-20.000000	20.000000
2017-10-13T01:48:50.000000000Z	0.71	0.39	-20.000000	20.000000
2017-10-13T01:53:50.000000000Z	1.07	0.29	-20.000000	20.000000
2017-10-13T02:36:50.000000000Z	0.71	0.39	-20.000000	20.000000
2017-10-13T03:07:50.000000000Z	1.07	0.29	-20.000000	20.000000
2017-10-13T03:20:30.000000000Z	0.71	0.39	-20.000000	20.000000
2017-10-13T03:27:30.000000000Z	1.07	0.29	-20.000000	20.000000
2017-10-13T07:02:50.000000000Z	0.71	0.39	-20.000000	20.000000
2017-10-13T07:10:10.000000000Z	1.07	0.29	-20.000000	20.000000
2017-10-13T08:00:50.000000000Z	0.71	0.39	-20.000000	20.000000
2017-10-13T08:59:50.000000000Z	1.07	0.29	-20.000000	20.000000
2017-10-13T09:03:50.000000000Z	0.71	0.39	-20.000000	20.000000
2017-10-13T09:44:10.000000000Z	1.07	0.29	-20.000000	20.000000
2017-10-15T02:56:43.000000000Z	1.70	0.59	-0.000005	0.000005
2017-10-15T05:32:50.000000000Z	0.66	0.41	-20.000000	20.000000
2017-10-15T05:39:30.000000000Z	1.70	0.59	-20.000000	20.000000
2017-10-15T07:13:10.000000000Z	0.66	0.41	-20.000000	20.000000
2017-10-15T07:19:50.000000000Z	1.70	0.59	-20.000000	20.000000
2017-10-15T07:25:10.000000000Z	0.66	0.41	-20.000000	20.000000
2017-10-15T16:44:50.000000000Z	1.70	0.59	-20.000000	20.000000
2017-10-15T16:50:10.000000000Z	0.66	0.41	-20.000000	20.000000
2017-10-15T17:31:50.000000000Z	1.70	0.59	-20.000000	20.000000
2017-10-15T17:51:50.000000000Z	0.66	0.41	-20.000000	20.000000
2017-10-15T17:57:10.000000000Z	1.70	0.59	-20.000000	20.000000
2017-10-15T20:35:50.000000000Z	0.66	0.41	-20.000000	20.000000
2017-10-15T21:17:30.000000000Z	1.70	0.59	-20.000000	20.000000
2017-10-15T21:28:30.000000000Z	0.66	0.41	-20.000000	20.000000
2017-10-15T21:38:30.000000000Z	1.70	0.59	-20.000000	20.000000
2017-10-15T21:57:10.000000000Z	0.66	0.41	-20.000000	20.000000
2017-10-15T22:01:30.000000000Z	1.70	0.59	-20.000000	20.000000
2017-10-15T22:10:10.000000000Z	0.66	0.41	-20.000000	20.000000
2017-10-15T22:21:30.000000000Z	1.70	0.59	-20.000000	20.000000
2017-10-15T23:06:10.000000000Z	0.66	0.41	-20.000000	20.000000
2017-10-15T23:21:50.000000000Z	1.70	0.59	-20.000000	20.000000
2017-10-15T23:26:30.000000000Z	0.66	0.41	-20.000000	20.000000
2017-10-15T23:31:10.000000000Z	1.70	0.59	-20.000000	20.000000
2017-10-15T23:58:30.000000000Z	0.66	0.41	-20.000000	20.000000
2017-10-16T00:02:30.000000000Z	1.70	0.59	-20.000000	20.000000
2017-10-16T00:10:10.000000000Z	0.66	0.41	-20.000000	20.000000
2017-10-16T00:30:50.000000000Z	1.70	0.59	-20.000000	20.000000
2017-10-16T00:46:50.000000000Z	0.66	0.41	-20.000000	20.000000
2017-10-16T01:06:50.000000000Z	1.70	0.59	-20.000000	20.000000
2017-10-16T01:34:50.000000000Z	0.66	0.41	-20.000000	20.000000
2017-10-16T01:42:10.000000000Z	1.70	0.59	-20.000000	20.000000
2017-10-16T01:51:10.000000000Z	0.66	0.41	-20.000000	20.000000
2017-10-16T01:58:50.000000000Z	1.70	0.59	-20.000000	20.000000
2017-10-17T23:45:23.000000000Z	1.03	0.53	-0.000005	0.000005
2017-10-18T01:03:50.000000000Z	0.67	0.30	-20.000000	20.000000
2017-10-18T01:11:50.000000000Z	1.03	0.53	-20.000000	20.000000
2017-10-18T01:27:30.000000000Z	0.67	0.30	-20.000000	20.000000
2017-10-18T01:39:10.000000000Z	1.03	0.53	-20.000000	20.000000
2017-10-18T04:33:50.000000000Z	0.67	0.30	-20.000000	20.000000
2017-10-18T05:09:50.000000000Z	1.03	0.53	-20.000000	20.000000
2017-10-18T05:13:30.000000000Z	0.67	0.30	-20.000000	20.000000
2017-10-18T05:17:10.000000000Z	1.03	0.53	-20.000000	20.000000
2017-10-18T05:23:10.000000000Z	0.67	0.30	-20.000000	20.000000
2017-10-18T05:28:30.000000000Z	1.03	0.53	-20.000000	20.000000
2017-10-18T05:54:10.000000000Z	0.67	0.30	-20.000000	20.000000
2017-10-18T06:07:50.000000000Z	1.03	0.53	-20.000000	20.000000
2017-10-18T06:43:30.000000000Z	0.67	0.30	-20.000000	20.000000
2017-10-18T07:16:50.000000000Z	1.03	0.53	-20.000000	20.000000
2017-10-18T07:54:30.000000000Z	0.67	0.30	-20.000000	20.000000
2017-10-18T09:20:30.000000000Z	1.03	0.53	-20.000000	20.000000
2017-10-18T09:39:50.000000000Z	0.67	0.30	-20.000000	20.000000
2017-10-18T12:47:30.000000000Z	1.03	0.53	-20.000000	20.000000
2017-10-18T13:18:50.000000000Z	0.67	0.30	-20.000000	20.000000
2017-10-19T00:56:50.000000000Z	1.03	0.53	-20.000000	20.000000
2017-10-20T19:50:23.000000000Z	0.66	0.33	-0.000005	0.000005
2017-10-20T23:09:50.000000000Z	1.52	0.58	-20.000000	20.000000
2017-10-20T23:13:50.000000000Z	0.66	0.33	-20.000000	20.000000
2017-10-21T14:14:30.000000000Z	1.52	0.58	-20.000000	20.000000
2017-10-21T15:47:50.000000000Z	0.66	0.33	-20.000000	20.000000
2017-10-21T20:42:30.000000000Z	1.52	0.58	-20.000000	20.000000
2017-10-21T20:54:10.000000000Z	0.66	0.33	-20.000000	20.000000
2017-10-21T20:57:30.000000000Z	1.52	0.58	-20.000000	20.000000
2017-10-21T21:07:10.000000000Z	0.66	0.33	-20.000000	20.000000
2017-10-21T21:41:30.000000000Z	1.52	0.58	-20.000000	20.000000
2017-10-21T21:50:10.000000000Z	0.66	0.33	-20.000000	20.000000
2017-10-21T22:00:30.000000000Z	1.52	0.58	-20.000000	20.000000
2017-10-21T22:12:30.000000000Z	0.66	0.33	-20.000000	20.000000
2017-10-21T22:17:10.000000000Z	1.52	0.58	-20.000000	20.000000
2017-10-21T22:26:30.000000000Z	0.66	0.33	-20.000000	20.000000
2017-10-21T22:41:50.000000000Z	1.52	0.58	-20.000000	20.000000
2017-10-21T22:45:30.000000000Z	0.66	0.33	-20.000000	20.000000
2017-10-21T23:13:30.000000000Z	1.52	0.58	-20.000000	20.000000
2017-10-23T15:35:23.000000000Z	0.76	0.34	-0.000005	0.000005
2017-10-24T20:03:10.000000000Z	1.23	0.27	-20.000000	20.000000