% UTC time [yyyy-mm-ddThh:mm:ss.mmmuuunnnZ]     DSL-X offset    DSL-Y offset	-dt	+dt, TAB separated
2015-01-01T00:00:00.000000000Z	1.40	0.00	-0.000005	0.000005
2015-06-22T00:00:00.000000000Z	1.10	0.00	-0.000005	0.000005
2015-07-28T13:39:24.000000000Z	1.77	0.27	-0.000005	0.000005
2015-07-31T13:18:54.000000000Z	0.83	0.04	-0.000005	0.000005
2015-08-01T13:11:54.000000000Z	1.21	0.34	-0.000005	0.000005
2015-08-02T13:04:54.000000000Z	0.90	0.09	-0.000005	0.000005
2015-08-03T12:58:04.000000000Z	1.23	0.09	-0.000005	0.000005
2015-08-04T12:51:04.000000000Z	1.42	0.09	-0.000005	0.000005
2015-08-05T12:44:14.000000000Z	1.09	0.01	-0.000005	0.000005
2015-08-06T12:37:24.000000000Z	1.25	0.04	-0.000005	0.000005
2015-08-07T12:30:44.000000000Z	1.17	0.10	-0.000005	0.000005
2015-08-08T12:24:04.000000000Z	1.12	0.03	-0.000005	0.000005
2015-08-09T12:17:24.000000000Z	1.17	0.15	-0.000005	0.000005
2015-08-10T12:10:24.000000000Z	1.08	0.02	-0.000005	0.000005
2015-08-11T12:03:44.000000000Z	1.38	0.06	-0.000005	0.000005
2015-08-12T11:56:54.000000000Z	1.28	0.07	-0.000005	0.000005
2015-08-13T11:50:04.000000000Z	0.82	-0.09	-0.000005	0.000005
2015-08-14T11:43:14.000000000Z	1.40	0.02	-0.000005	0.000005
2015-08-15T11:36:24.000000000Z	1.13	0.60	-0.000005	0.000005
2015-08-16T11:29:24.000000000Z	1.00	0.52	-0.000005	0.000005
2015-08-17T11:22:24.000000000Z	1.44	0.47	-0.000005	0.000005
2015-08-18T11:15:34.000000000Z	0.98	0.04	-0.000005	0.000005
2015-08-19T11:08:34.000000000Z	1.11	0.05	-0.000005	0.000005
2015-08-21T10:54:54.000000000Z	1.07	-0.01	-0.000005	0.000005
2015-08-22T10:48:14.000000000Z	1.31	0.17	-0.000005	0.000005
2015-08-23T10:41:34.000000000Z	1.25	0.04	-0.000005	0.000005
2015-08-24T10:35:04.000000000Z	1.06	0.01	-0.000005	0.000005
2015-08-25T10:28:24.000000000Z	1.06	0.06	-0.000005	0.000005
2015-08-26T10:21:44.000000000Z	1.16	0.18	-0.000005	0.000005
2015-08-27T10:15:04.000000000Z	1.08	0.39	-0.000005	0.000005
2015-08-28T10:08:14.000000000Z	0.61	0.59	-0.000005	0.000005
2015-08-29T10:01:14.000000000Z	0.88	0.05	-0.000005	0.000005
2015-08-30T09:54:14.000000000Z	0.82	0.09	-0.000005	0.000005
2015-09-01T09:40:24.000000000Z	0.94	0.02	-0.000005	0.000005
2015-09-02T09:33:44.000000000Z	1.06	0.04	-0.000005	0.000005
2015-09-04T09:20:24.000000000Z	1.02	0.04	-0.000005	0.000005
2015-09-05T09:13:44.000000000Z	1.05	0.11	-0.000005	0.000005
2015-09-06T09:07:04.000000000Z	1.03	0.12	-0.000005	0.000005
2015-09-07T07:30:24.000000000Z	0.79	0.50	-0.000005	0.000005
2015-09-09T07:16:54.000000000Z	0.43	0.83	-0.000005	0.000005
2015-09-10T07:10:04.000000000Z	1.06	0.56	-0.000005	0.000005
2015-09-12T06:56:24.000000000Z	1.00	0.21	-0.000005	0.000005
2015-09-13T06:49:34.000000000Z	0.98	0.15	-0.000005	0.000005
2015-09-15T06:35:44.000000000Z	0.93	0.11	-0.000005	0.000005
2015-09-16T06:28:54.000000000Z	0.94	0.10	-0.000005	0.000005
2015-09-17T06:21:34.000000000Z	1.60	0.12	-0.000005	0.000005
2015-09-18T06:15:24.000000000Z	0.71	0.58	-0.000005	0.000005
2015-09-20T06:12:14.000000000Z	0.51	0.71	-0.000005	0.000005
2015-09-21T06:05:44.000000000Z	1.63	0.16	-0.000005	0.000005
2015-09-22T05:59:14.000000000Z	1.10	0.29	-0.000005	0.000005
2015-09-23T05:52:34.000000000Z	0.92	0.76	-0.000005	0.000005
2015-09-24T05:45:54.000000000Z	0.82	-0.00	-0.000005	0.000005
2015-09-25T05:39:04.000000000Z	0.74	0.64	-0.000005	0.000005
2015-09-27T05:25:24.000000000Z	0.96	0.30	-0.000005	0.000005
2015-09-28T05:18:24.000000000Z	0.81	-0.00	-0.000005	0.000005
2015-09-29T05:11:44.000000000Z	0.81	0.13	-0.000005	0.000005
2015-10-01T04:58:24.000000000Z	0.89	0.51	-0.000005	0.000005
2015-10-02T04:52:34.000000000Z	1.59	0.00	-0.000005	0.000005
2015-10-03T04:46:04.000000000Z	1.98	0.87	-0.000005	0.000005
2015-10-04T04:39:24.000000000Z	1.33	0.71	-0.000005	0.000005
2015-10-05T06:00:54.000000000Z	0.68	0.60	-0.000005	0.000005
2015-10-06T05:54:14.000000000Z	0.57	0.85	-0.000005	0.000005
2015-10-07T05:47:34.000000000Z	1.26	0.37	-0.000005	0.000005
2015-10-08T05:40:54.000000000Z	1.11	0.42	-0.000005	0.000005
2015-10-09T05:34:04.000000000Z	0.89	0.55	-0.000005	0.000005
2015-10-10T05:27:24.000000000Z	0.97	0.23	-0.000005	0.000005
2015-10-11T05:20:34.000000000Z	0.92	0.66	-0.000005	0.000005
2015-10-12T05:13:44.000000000Z	1.29	-0.14	-0.000005	0.000005
2015-10-13T05:06:54.000000000Z	1.59	0.42	-0.000005	0.000005
2015-10-14T05:00:14.000000000Z	0.41	-0.34	-0.000005	0.000005
2015-10-15T04:53:54.000000000Z	1.74	0.05	-0.000005	0.000005
2015-10-16T04:47:34.000000000Z	1.13	-0.01	-0.000005	0.000005
2015-10-17T04:41:04.000000000Z	1.29	-0.12	-0.000005	0.000005
2015-10-18T04:34:44.000000000Z	1.65	-0.22	-0.000005	0.000005
2015-10-19T04:28:14.000000000Z	1.97	0.76	-0.000005	0.000005
2015-10-20T04:15:44.000000000Z	1.48	-0.09	-0.000005	0.000005
2015-10-21T04:09:14.000000000Z	1.46	-0.18	-0.000005	0.000005
2015-10-22T04:02:34.000000000Z	1.79	0.30	-0.000005	0.000005
2015-10-23T03:55:54.000000000Z	1.61	0.12	-0.000005	0.000005
2015-10-24T03:49:04.000000000Z	1.41	-0.01	-0.000005	0.000005
2015-10-25T03:42:14.000000000Z	1.70	-0.18	-0.000005	0.000005
2015-10-26T03:35:34.000000000Z	1.84	0.58	-0.000005	0.000005
2015-10-27T03:28:54.000000000Z	1.33	0.11	-0.000005	0.000005
2015-10-28T03:22:24.000000000Z	1.45	0.03	-0.000005	0.000005
2015-10-29T03:15:54.000000000Z	1.17	-0.15	-0.000005	0.000005
2015-10-30T03:09:24.000000000Z	1.44	-0.04	-0.000005	0.000005
2015-10-31T03:02:54.000000000Z	1.69	0.30	-0.000005	0.000005
2015-11-01T02:56:34.000000000Z	1.29	-0.16	-0.000005	0.000005
2015-11-02T02:49:55.000000000Z	1.20	-0.07	-0.000005	0.000005
2015-11-03T02:35:24.000000000Z	1.57	-0.20	-0.000005	0.000005
2015-11-04T02:28:54.000000000Z	1.24	-0.20	-0.000005	0.000005
2015-11-05T02:22:14.000000000Z	1.04	-0.16	-0.000005	0.000005
2015-11-06T02:15:34.000000000Z	1.58	0.28	-0.000005	0.000005
2015-11-09T01:55:24.000000000Z	0.98	-0.29	-0.000005	0.000005
2015-11-10T01:48:44.000000000Z	1.10	-0.16	-0.000005	0.000005
2015-11-11T01:42:14.000000000Z	1.24	-0.03	-0.000005	0.000005
2015-11-12T01:35:44.000000000Z	0.75	-0.14	-0.000005	0.000005
2015-11-13T01:29:14.000000000Z	1.28	-0.07	-0.000005	0.000005
2015-11-14T01:22:54.000000000Z	1.42	0.09	-0.000005	0.000005
2015-11-15T01:16:34.000000000Z	1.51	-0.03	-0.000005	0.000005
2015-11-16T01:10:04.000000000Z	1.47	-0.09	-0.000005	0.000005
2015-11-17T01:05:44.000000000Z	1.61	-0.07	-0.000005	0.000005
2015-11-18T00:59:04.000000000Z	1.52	-0.15	-0.000005	0.000005
2015-11-19T00:52:34.000000000Z	1.63	-0.06	-0.000005	0.000005
2015-11-20T00:45:44.000000000Z	1.42	-0.05	-0.000005	0.000005
2015-11-21T00:39:04.000000000Z	1.33	-0.03	-0.000005	0.000005
2015-11-22T00:32:14.000000000Z	1.26	-0.02	-0.000005	0.000005
2015-11-23T00:25:34.000000000Z	1.37	0.02	-0.000005	0.000005
2015-11-24T00:19:04.000000000Z	1.23	-0.03	-0.000005	0.000005
2015-11-25T00:12:24.000000000Z	1.07	-0.06	-0.000005	0.000005
2015-11-26T00:05:54.000000000Z	1.00	-0.06	-0.000005	0.000005
2015-11-26T23:59:34.000000000Z	1.07	-0.15	-0.000005	0.000005
2015-11-27T23:53:04.000000000Z	1.59	-0.26	-0.000005	0.000005
2015-11-28T23:46:34.000000000Z	1.74	-0.13	-0.000005	0.000005
2015-11-29T23:40:04.000000000Z	1.58	-0.11	-0.000005	0.000005
2015-11-30T23:40:34.000000000Z	1.30	-0.02	-0.000005	0.000005
2015-12-01T23:33:54.000000000Z	1.38	-0.06	-0.000005	0.000005
2015-12-02T23:27:14.000000000Z	1.38	-0.01	-0.000005	0.000005
2015-12-03T23:20:34.000000000Z	1.29	-0.05	-0.000005	0.000005
2015-12-04T23:13:44.000000000Z	1.59	-0.05	-0.000005	0.000005
2015-12-05T23:06:54.000000000Z	1.49	-0.24	-0.000005	0.000005
2015-12-06T23:00:14.000000000Z	1.39	-0.13	-0.000005	0.000005
2015-12-07T22:53:25.000000000Z	1.17	-0.18	-0.000005	0.000005
2015-12-08T22:46:54.000000000Z	1.33	0.19	-0.000005	0.000005
2015-12-09T22:40:24.000000000Z	1.83	-0.25	-0.000005	0.000005
2015-12-10T22:33:54.000000000Z	1.58	-0.22	-0.000005	0.000005
2015-12-11T22:27:24.000000000Z	1.44	-0.16	-0.000005	0.000005
2015-12-12T22:21:04.000000000Z	1.56	-0.27	-0.000005	0.000005
2015-12-13T22:14:24.000000000Z	1.49	-0.21	-0.000005	0.000005
2015-12-14T22:30:54.000000000Z	1.73	-0.13	-0.000005	0.000005
2015-12-15T22:24:14.000000000Z	0.82	-0.08	-0.000005	0.000005
2015-12-16T22:17:24.000000000Z	1.17	-0.01	-0.000005	0.000005
2015-12-17T22:10:34.000000000Z	1.01	-0.06	-0.000005	0.000005
2015-12-18T22:03:44.000000000Z	1.25	-0.13	-0.000005	0.000005
2015-12-19T21:56:44.000000000Z	2.45	0.20	-0.000005	0.000005
2015-12-20T21:50:04.000000000Z	1.76	0.00	-0.000005	0.000005
2015-12-21T21:43:14.000000000Z	1.57	-0.04	-0.000005	0.000005
2015-12-22T21:36:34.000000000Z	1.51	-0.00	-0.000005	0.000005
2015-12-23T21:29:54.000000000Z	1.64	-0.02	-0.000005	0.000005
2015-12-24T21:23:24.000000000Z	1.31	0.07	-0.000005	0.000005
2015-12-25T21:16:44.000000000Z	1.09	0.17	-0.000005	0.000005
2015-12-26T21:10:04.000000000Z	1.03	0.01	-0.000005	0.000005
2015-12-27T21:03:24.000000000Z	1.33	0.08	-0.000005	0.000005
2015-12-28T21:31:34.000000000Z	1.26	-0.05	-0.000005	0.000005
2015-12-29T21:24:44.000000000Z	1.17	-0.00	-0.000005	0.000005
2015-12-30T21:17:54.000000000Z	1.49	-0.11	-0.000005	0.000005
2015-12-31T21:10:54.000000000Z	1.16	0.00	-0.000005	0.000005
2016-01-01T21:03:54.000000000Z	1.05	0.08	-0.000005	0.000005
2016-01-02T20:57:04.000000000Z	1.38	0.03	-0.000005	0.000005
2016-01-03T20:50:04.000000000Z	1.33	-0.17	-0.000005	0.000005
2016-01-04T20:43:14.000000000Z	1.32	0.10	-0.000005	0.000005
2016-01-05T20:36:24.000000000Z	1.18	0.35	-0.000005	0.000005
2016-01-06T20:29:34.000000000Z	1.55	-0.10	-0.000005	0.000005
2016-01-07T20:22:54.000000000Z	1.43	-0.00	-0.000005	0.000005
2016-01-08T20:16:14.000000000Z	1.23	0.12	-0.000005	0.000005
2016-01-09T20:09:34.000000000Z	1.47	0.18	-0.000005	0.000005
2016-01-10T20:02:54.000000000Z	1.58	0.04	-0.000005	0.000005
2016-01-11T20:36:54.000000000Z	0.97	0.15	-0.000005	0.000005
2016-01-12T20:30:04.000000000Z	0.86	0.17	-0.000005	0.000005
2016-01-13T20:22:54.000000000Z	0.56	0.24	-0.000005	0.000005
2016-01-14T20:15:54.000000000Z	0.93	0.05	-0.000005	0.000005
2016-01-15T20:08:44.000000000Z	1.17	0.03	-0.000005	0.000005
2016-01-16T20:01:44.000000000Z	0.16	0.04	-0.000005	0.000005
2016-01-17T19:54:44.000000000Z	0.92	0.04	-0.000005	0.000005
2016-01-18T19:47:54.000000000Z	1.40	0.13	-0.000005	0.000005
2016-01-19T19:40:44.000000000Z	1.52	0.22	-0.000005	0.000005
2016-01-20T19:33:54.000000000Z	1.45	0.01	-0.000005	0.000005
2016-01-21T19:27:04.000000000Z	1.49	-0.09	-0.000005	0.000005
2016-01-22T19:20:14.000000000Z	0.84	0.20	-0.000005	0.000005
2016-01-23T19:13:14.000000000Z	1.20	-0.03	-0.000005	0.000005
2016-01-24T19:06:24.000000000Z	1.11	0.12	-0.000005	0.000005
2016-01-25T19:47:14.000000000Z	1.04	0.09	-0.000005	0.000005
2016-01-26T19:40:14.000000000Z	0.77	0.04	-0.000005	0.000005
2016-01-27T19:33:04.000000000Z	0.74	-0.01	-0.000005	0.000005
2016-01-28T19:25:54.000000000Z	1.56	-0.07	-0.000005	0.000005
2016-01-29T19:18:44.000000000Z	0.83	-0.10	-0.000005	0.000005
2016-01-30T19:11:24.000000000Z	0.30	0.08	-0.000005	0.000005
2016-01-31T19:04:24.000000000Z	0.72	0.00	-0.000005	0.000005
2016-02-01T18:57:14.000000000Z	0.43	-0.04	-0.000005	0.000005
2016-02-02T18:50:14.000000000Z	1.10	-0.14	-0.000005	0.000005
2016-02-03T18:43:14.000000000Z	0.19	0.10	-0.000005	0.000005
2016-02-04T18:36:24.000000000Z	1.15	-0.03	-0.000005	0.000005
2016-02-05T18:29:34.000000000Z	0.97	-0.19	-0.000005	0.000005
2016-02-06T18:22:34.000000000Z	1.34	-0.49	-0.000005	0.000005
2016-02-07T18:15:34.000000000Z	1.22	-0.20	-0.000005	0.000005
2016-02-08T18:52:34.000000000Z	0.63	0.07	-0.000005	0.000005
2016-02-09T18:45:24.000000000Z	1.00	0.00	-0.000005	0.000005
2016-02-10T18:38:04.000000000Z	1.09	-0.36	-0.000005	0.000005
2016-02-11T18:30:44.000000000Z	0.45	0.03	-0.000005	0.000005
2016-02-12T18:23:34.000000000Z	1.37	-0.87	-0.000005	0.000005
2016-02-13T18:16:14.000000000Z	0.73	-0.10	-0.000005	0.000005
2016-02-14T18:09:04.000000000Z	1.18	-0.43	-0.000005	0.000005
2016-02-15T18:02:04.000000000Z	1.36	0.05	-0.000005	0.000005
2016-02-16T17:55:04.000000000Z	0.91	0.13	-0.000005	0.000005
2016-02-17T17:48:04.000000000Z	0.52	0.06	-0.000005	0.000005
2016-02-18T17:41:04.000000000Z	0.50	0.03	-0.000005	0.000005
2016-02-19T17:34:04.000000000Z	0.82	-0.11	-0.000005	0.000005
2016-02-20T17:26:54.000000000Z	1.48	0.13	-0.000005	0.000005
2016-02-21T17:19:54.000000000Z	0.68	0.10	-0.000005	0.000005
2016-02-22T18:07:44.000000000Z	0.70	0.11	-0.000005	0.000005
2016-02-23T18:00:24.000000000Z	0.99	0.00	-0.000005	0.000005
2016-02-24T17:53:14.000000000Z	0.37	0.17	-0.000005	0.000005
2016-02-25T17:45:54.000000000Z	0.67	-0.06	-0.000005	0.000005
2016-02-26T17:38:34.000000000Z	1.06	0.01	-0.000005	0.000005
2016-02-27T17:31:14.000000000Z	1.02	0.05	-0.000005	0.000005
2016-02-28T17:24:04.000000000Z	1.37	0.01	-0.000005	0.000005
2016-02-29T17:16:54.000000000Z	0.34	0.21	-0.000005	0.000005
2016-03-01T17:09:54.000000000Z	1.00	-0.07	-0.000005	0.000005
2016-03-02T17:02:54.000000000Z	1.28	-0.10	-0.000005	0.000005
2016-03-03T16:55:54.000000000Z	1.49	-0.12	-0.000005	0.000005
2016-03-04T16:48:54.000000000Z	1.52	-0.14	-0.000005	0.000005
2016-03-06T16:34:54.000000000Z	1.11	-0.01	-0.000005	0.000005
2016-03-07T16:57:44.000000000Z	0.40	0.10	-0.000005	0.000005
2016-09-26T12:50:14.000000000Z	0.52	0.21	-0.000005	0.000005
2016-09-27T12:45:14.000000000Z	1.03	0.01	-0.000005	0.000005
2016-09-28T12:35:14.000000000Z	0.65	0.25	-0.000005	0.000005
2016-09-29T12:30:14.000000000Z	1.21	0.22	-0.000005	0.000005
2016-09-30T12:25:14.000000000Z	1.36	0.22	-0.000005	0.000005
2016-10-01T12:15:14.000000000Z	1.47	0.11	-0.000005	0.000005
2016-10-02T12:10:14.000000000Z	1.23	0.05	-0.000005	0.000005
2016-10-03T12:00:04.000000000Z	1.38	0.00	-0.000005	0.000005
2016-10-04T11:55:04.000000000Z	1.27	0.15	-0.000005	0.000005
2016-10-05T11:50:14.000000000Z	1.39	0.07	-0.000005	0.000005
2016-10-06T11:40:14.000000000Z	1.16	0.05	-0.000005	0.000005
2016-10-07T11:35:04.000000000Z	1.35	-0.05	-0.000005	0.000005
2016-10-08T11:25:04.000000000Z	1.63	0.04	-0.000005	0.000005
2016-10-09T11:20:14.000000000Z	1.13	-0.11	-0.000005	0.000005
2016-10-10T11:15:05.000000000Z	1.03	0.09	-0.000005	0.000005
2016-10-11T11:05:04.000000000Z	1.00	-0.04	-0.000005	0.000005
2016-10-12T11:00:14.000000000Z	1.30	-0.09	-0.000005	0.000005
2016-10-13T10:55:04.000000000Z	1.35	0.03	-0.000005	0.000005
2016-10-14T10:45:04.000000000Z	1.00	-0.18	-0.000005	0.000005
2016-10-15T10:40:04.000000000Z	1.24	0.03	-0.000005	0.000005
2016-10-17T10:25:04.000000000Z	1.31	0.16	-0.000005	0.000005
2016-10-18T10:15:04.000000000Z	1.62	0.24	-0.000005	0.000005
2016-10-19T10:10:04.000000000Z	1.94	0.01	-0.000005	0.000005
2016-10-20T10:05:04.000000000Z	0.93	0.03	-0.000005	0.000005
2016-10-21T09:55:04.000000000Z	1.18	0.04	-0.000005	0.000005
2016-10-22T09:50:04.000000000Z	0.91	0.27	-0.000005	0.000005
2016-10-23T09:40:04.000000000Z	1.18	0.06	-0.000005	0.000005
2016-10-24T09:35:04.000000000Z	1.03	0.01	-0.000005	0.000005
2016-10-25T09:30:04.000000000Z	1.45	-0.24	-0.000005	0.000005
2016-10-26T09:19:54.000000000Z	0.24	-0.20	-0.000005	0.000005
2016-10-27T09:15:04.000000000Z	0.23	-0.18	-0.000005	0.000005
2016-10-28T09:04:54.000000000Z	0.99	0.38	-0.000005	0.000005
2016-10-29T09:00:04.000000000Z	1.10	0.42	-0.000005	0.000005
2016-10-30T08:55:04.000000000Z	0.17	0.01	-0.000005	0.000005
2016-10-31T08:44:54.000000000Z	1.66	0.31	-0.000005	0.000005
2016-11-01T08:39:54.000000000Z	0.64	-0.04	-0.000005	0.000005
2016-11-02T08:30:04.000000000Z	0.62	-0.08	-0.000005	0.000005
2016-11-03T08:24:54.000000000Z	0.66	-0.04	-0.000005	0.000005
2016-11-04T08:19:54.000000000Z	1.11	0.13	-0.000005	0.000005
2016-11-05T08:09:54.000000000Z	1.21	0.05	-0.000005	0.000005
2016-11-06T08:04:54.000000000Z	0.94	0.11	-0.000005	0.000005
2016-11-07T07:59:54.000000000Z	0.86	0.28	-0.000005	0.000005
2016-11-08T07:49:54.000000000Z	0.93	0.15	-0.000005	0.000005
2016-11-09T07:44:54.000000000Z	0.79	0.01	-0.000005	0.000005
2016-11-10T07:34:54.000000000Z	1.47	-0.10	-0.000005	0.000005
2016-11-11T07:29:54.000000000Z	1.45	-0.00	-0.000005	0.000005
2016-11-12T07:19:54.000000000Z	1.54	0.22	-0.000005	0.000005
2016-11-13T07:14:54.000000000Z	0.82	0.16	-0.000005	0.000005
2016-11-14T07:09:54.000000000Z	0.30	-0.07	-0.000005	0.000005
2016-11-15T06:59:54.000000000Z	0.47	-0.06	-0.000005	0.000005
2016-11-16T06:54:54.000000000Z	1.11	0.25	-0.000005	0.000005
2016-11-17T06:44:54.000000000Z	1.26	0.60	-0.000005	0.000005
2016-11-18T06:39:54.000000000Z	1.17	0.56	-0.000005	0.000005
2016-11-19T06:34:54.000000000Z	0.95	0.01	-0.000005	0.000005
2016-11-20T06:24:54.000000000Z	0.87	0.01	-0.000005	0.000005
2016-11-21T06:19:44.000000000Z	0.95	-0.05	-0.000005	0.000005
2016-11-22T06:14:44.000000000Z	1.17	-0.08	-0.000005	0.000005
2016-11-23T06:04:54.000000000Z	0.82	0.03	-0.000005	0.000005
2016-11-24T05:59:54.000000000Z	1.24	-0.15	-0.000005	0.000005
2016-11-25T05:49:54.000000000Z	0.99	0.32	-0.000005	0.000005
2016-11-26T05:44:54.000000000Z	1.21	0.39	-0.000005	0.000005
2016-11-27T05:34:54.000000000Z	1.35	0.45	-0.000005	0.000005
2016-11-28T05:29:54.000000000Z	1.08	0.12	-0.000005	0.000005
2016-11-29T05:24:44.000000000Z	1.07	0.14	-0.000005	0.000005
2016-11-30T05:14:54.000000000Z	1.15	0.20	-0.000005	0.000005
2016-12-01T05:09:44.000000000Z	1.20	0.11	-0.000005	0.000005
2016-12-02T04:59:44.000000000Z	1.00	0.09	-0.000005	0.000005
2016-12-03T04:54:44.000000000Z	0.98	0.08	-0.000005	0.000005
2016-12-04T04:49:44.000000000Z	0.65	0.07	-0.000005	0.000005
2016-12-05T04:39:44.000000000Z	0.95	-0.00	-0.000005	0.000005
2016-12-06T04:34:44.000000000Z	1.14	-0.10	-0.000005	0.000005
2016-12-07T04:29:44.000000000Z	1.15	-0.04	-0.000005	0.000005
2016-12-08T04:19:44.000000000Z	1.21	-0.03	-0.000005	0.000005
2016-12-09T04:14:44.000000000Z	1.08	-0.04	-0.000005	0.000005
2016-12-10T04:04:44.000000000Z	0.93	0.12	-0.000005	0.000005
2016-12-11T03:59:44.000000000Z	0.75	-0.04	-0.000005	0.000005
2016-12-12T03:54:44.000000000Z	1.37	0.26	-0.000005	0.000005
2016-12-13T03:44:44.000000000Z	1.30	0.30	-0.000005	0.000005
2016-12-14T03:39:44.000000000Z	0.94	0.18	-0.000005	0.000005
2016-12-15T03:29:44.000000000Z	1.03	0.15	-0.000005	0.000005
2016-12-16T03:24:44.000000000Z	1.04	0.15	-0.000005	0.000005
2016-12-17T03:19:44.000000000Z	0.99	0.02	-0.000005	0.000005
2016-12-18T03:09:34.000000000Z	1.28	-0.02	-0.000005	0.000005
2016-12-19T03:04:44.000000000Z	0.88	0.07	-0.000005	0.000005
2016-12-20T02:54:44.000000000Z	1.03	0.04	-0.000005	0.000005
2016-12-21T02:49:43.000000000Z	1.23	-0.12	-0.000005	0.000005
2016-12-22T02:44:44.000000000Z	1.00	-0.09	-0.000005	0.000005
2016-12-23T02:34:44.000000000Z	0.93	-0.16	-0.000005	0.000005
2016-12-24T02:29:44.000000000Z	0.96	0.19	-0.000005	0.000005
2016-12-25T02:19:44.000000000Z	0.97	0.00	-0.000005	0.000005
2016-12-26T02:14:44.000000000Z	1.10	-0.02	-0.000005	0.000005
2016-12-27T02:09:44.000000000Z	0.86	0.13	-0.000005	0.000005
2016-12-28T01:59:44.000000000Z	0.92	0.09	-0.000005	0.000005
2016-12-29T01:54:44.000000000Z	1.00	0.07	-0.000005	0.000005
2016-12-30T01:49:34.000000000Z	0.89	0.08	-0.000005	0.000005
2016-12-31T01:39:44.000000000Z	0.63	0.06	-0.000005	0.000005
2017-01-01T01:34:33.000000000Z	1.23	-0.12	-0.000005	0.000005
2017-01-02T01:24:43.000000000Z	0.99	0.01	-0.000005	0.000005
2017-01-03T01:19:33.000000000Z	1.15	-0.00	-0.000005	0.000005
2017-01-04T01:14:33.000000000Z	1.48	-0.03	-0.000005	0.000005
2017-01-05T01:04:43.000000000Z	1.14	0.06	-0.000005	0.000005
2017-01-06T00:59:33.000000000Z	0.87	0.06	-0.000005	0.000005
2017-01-07T00:49:33.000000000Z	0.86	-0.01	-0.000005	0.000005
2017-01-08T00:44:33.000000000Z	0.93	-0.04	-0.000005	0.000005
2017-01-09T00:39:33.000000000Z	0.70	0.12	-0.000005	0.000005
2017-01-10T00:34:33.000000000Z	0.89	0.11	-0.000005	0.000005
2017-01-11T00:29:33.000000000Z	0.87	0.14	-0.000005	0.000005
2017-01-12T00:19:33.000000000Z	0.93	0.09	-0.000005	0.000005
2017-01-13T00:14:33.000000000Z	0.99	0.08	-0.000005	0.000005
2017-01-14T00:09:33.000000000Z	1.02	0.03	-0.000005	0.000005
2017-01-15T00:04:33.000000000Z	0.81	0.08	-0.000005	0.000005
2017-01-15T23:59:33.000000000Z	0.82	0.05	-0.000005	0.000005
2017-01-16T23:54:33.000000000Z	0.82	0.06	-0.000005	0.000005
2017-01-17T23:44:33.000000000Z	0.99	-0.04	-0.000005	0.000005
2017-01-18T23:39:33.000000000Z	1.12	-0.10	-0.000005	0.000005
2017-01-19T23:39:33.000000000Z	1.04	-0.09	-0.000005	0.000005
2017-01-20T23:29:33.000000000Z	0.96	-0.03	-0.000005	0.000005
2017-01-21T23:24:33.000000000Z	0.99	-0.04	-0.000005	0.000005
2017-01-22T23:19:33.000000000Z	0.69	0.12	-0.000005	0.000005
2017-01-23T23:15:23.000000000Z	0.96	0.06	-0.000005	0.000005
2017-01-24T23:10:23.000000000Z	0.98	0.08	-0.000005	0.000005
2017-01-25T23:05:23.000000000Z	1.02	0.07	-0.000005	0.000005
2017-01-26T23:00:23.000000000Z	1.15	-0.10	-0.000005	0.000005
2017-01-27T22:50:23.000000000Z	1.17	-0.01	-0.000005	0.000005
2017-01-28T22:45:23.000000000Z	1.11	-0.05	-0.000005	0.000005
2017-01-29T22:45:23.000000000Z	1.04	0.11	-0.000005	0.000005
2017-01-30T22:40:23.000000000Z	1.52	0.14	-0.000005	0.000005
2017-02-03T22:12:33.000000000Z	0.83	-0.00	-0.000005	0.000005
2017-02-04T22:05:43.000000000Z	1.22	0.04	-0.000005	0.000005
2017-02-05T21:59:03.000000000Z	0.46	0.21	-0.000005	0.000005
2017-02-06T21:52:23.000000000Z	0.63	0.16	-0.000005	0.000005
2017-02-07T21:45:43.000000000Z	0.34	0.28	-0.000005	0.000005
2017-02-08T21:39:13.000000000Z	1.05	0.18	-0.000005	0.000005
2017-05-02T06:01:43.000000000Z	0.63	0.20	-0.000005	0.000005
2017-05-05T01:16:43.000000000Z	0.76	0.22	-0.000005	0.000005
2017-05-05T23:35:56.000000000Z	0.23	0.98	-0.000005	0.000005
2017-05-07T20:26:53.000000000Z	0.60	0.24	-0.000005	0.000005
2017-05-08T19:07:47.000000000Z	0.09	0.56	-0.000005	0.000005
2017-05-10T15:39:33.000000000Z	0.71	0.21	-0.000005	0.000005
2017-05-11T14:22:52.000000000Z	0.18	0.71	-0.000005	0.000005
2017-05-13T10:49:13.000000000Z	0.57	0.18	-0.000005	0.000005
2017-05-14T09:37:37.000000000Z	0.18	0.78	-0.000005	0.000005
2017-05-16T06:01:53.000000000Z	0.86	0.11	-0.000005	0.000005
2017-05-17T04:59:09.000000000Z	0.18	0.38	-0.000005	0.000005
2017-05-19T01:18:33.000000000Z	0.98	-0.01	-0.000005	0.000005
2017-05-20T00:17:09.000000000Z	0.48	0.51	-0.000005	0.000005
2017-05-21T20:28:23.000000000Z	1.38	0.18	-0.000005	0.000005
2017-05-22T19:32:08.000000000Z	0.48	0.36	-0.000005	0.000005
2017-05-24T15:41:43.000000000Z	1.50	0.06	-0.000005	0.000005
2017-05-25T14:48:48.000000000Z	0.60	0.28	-0.000005	0.000005
2017-05-27T17:48:53.000000000Z	1.08	-0.10	-0.000005	0.000005
2017-05-28T15:05:19.000000000Z	0.75	0.26	-0.000005	0.000005
2017-05-28T22:00:00.000000000Z	0.53	1.21	-20.000000	20.000000
2017-05-30T13:35:43.000000000Z	1.67	-0.03	-0.000005	0.000005
2017-05-31T10:45:25.000000000Z	0.60	0.28	-0.000005	0.000005
2017-06-02T09:30:53.000000000Z	1.58	-0.05	-0.000005	0.000005
2017-06-03T06:33:26.000000000Z	0.69	0.28	-0.000005	0.000005
2017-06-05T05:24:53.000000000Z	1.31	0.02	-0.000005	0.000005
2017-06-06T02:18:12.000000000Z	0.64	0.23	-0.000005	0.000005
2017-06-08T01:17:03.000000000Z	1.42	-0.03	-0.000005	0.000005
2017-06-10T21:08:53.000000000Z	1.34	0.08	-0.000005	0.000005
2017-06-13T17:07:53.000000000Z	1.46	0.08	-0.000005	0.000005
2017-06-16T12:54:53.000000000Z	1.36	0.14	-0.000005	0.000005
2017-06-18T23:05:33.000000000Z	1.46	0.03	-0.000005	0.000005
2017-06-19T22:41:55.000000000Z	0.62	0.33	-0.000005	0.000005
2017-06-21T18:41:03.000000000Z	1.46	-0.00	-0.000005	0.000005
2017-06-22T18:20:14.000000000Z	0.56	0.22	-0.000005	0.000005
2017-06-24T14:20:43.000000000Z	1.28	0.06	-0.000005	0.000005
2017-06-25T14:00:50.000000000Z	0.70	0.26	-0.000005	0.000005
2017-06-27T10:07:03.000000000Z	1.63	0.03	-0.000005	0.000005
2017-06-28T09:48:09.000000000Z	0.63	0.27	-0.000005	0.000005
2017-07-05T21:21:53.000000000Z	1.29	0.06	-0.000005	0.000005
2017-07-06T21:05:26.000000000Z	0.71	0.25	-0.000005	0.000005
2017-07-08T17:22:13.000000000Z	1.30	0.12	-0.000005	0.000005
2017-07-09T17:03:30.000000000Z	0.81	0.35	-0.000005	0.000005
2017-07-11T13:08:23.000000000Z	1.72	0.05	-0.000005	0.000005
2017-07-12T12:50:09.000000000Z	0.66	0.26	-0.000005	0.000005
2017-07-14T08:57:23.000000000Z	1.53	0.04	-0.000005	0.000005
2017-07-15T08:39:28.000000000Z	0.65	0.30	-0.000005	0.000005
2017-07-17T04:47:13.000000000Z	1.54	0.08	-0.000005	0.000005
2017-07-18T04:28:18.000000000Z	0.60	0.29	-0.000005	0.000005
2017-07-20T00:23:53.000000000Z	0.58	0.28	-0.000005	0.000005
2017-07-21T00:04:38.000000000Z	1.45	0.25	-0.000005	0.000005
2017-07-22T20:14:23.000000000Z	0.69	0.35	-0.000005	0.000005
2017-07-23T19:52:44.000000000Z	1.32	0.23	-0.000005	0.000005
2017-07-25T15:50:53.000000000Z	0.67	0.33	-0.000005	0.000005
2017-07-26T15:29:28.000000000Z	1.50	0.10	-0.000005	0.000005
2017-07-28T11:34:13.000000000Z	0.60	0.26	-0.000005	0.000005
2017-07-29T11:11:02.000000000Z	1.51	0.08	-0.000005	0.000005
2017-07-31T07:09:33.000000000Z	0.53	0.23	-0.000005	0.000005
2017-08-01T06:44:27.000000000Z	1.30	0.12	-0.000005	0.000005
2017-08-03T03:00:03.000000000Z	0.55	0.21	-0.000005	0.000005
2017-08-04T02:31:31.000000000Z	1.07	0.24	-0.000005	0.000005
2017-08-05T22:47:03.000000000Z	0.65	0.24	-0.000005	0.000005
2017-08-06T22:14:12.000000000Z	1.56	0.18	-0.000005	0.000005
2017-08-08T18:17:21.000000000Z	0.62	0.20	-0.000005	0.000005
2017-08-11T13:54:12.000000000Z	0.65	0.27	-0.000005	0.000005
2017-08-14T09:33:35.000000000Z	0.54	0.24	-0.000005	0.000005
2017-08-17T05:05:40.000000000Z	0.70	0.30	-0.000005	0.000005
2017-08-20T00:50:55.000000000Z	0.73	0.31	-0.000005	0.000005
2017-08-22T20:16:06.000000000Z	0.82	0.32	-0.000005	0.000005
2017-08-25T15:43:04.000000000Z	0.61	0.22	-0.000005	0.000005
2017-08-28T11:01:43.000000000Z	0.63	0.21	-0.000005	0.000005
2017-08-31T06:32:03.000000000Z	0.73	0.26	-0.000005	0.000005
2017-09-03T01:59:43.000000000Z	0.85	0.23	-0.000005	0.000005
2017-09-05T21:21:53.000000000Z	0.88	0.17	-0.000005	0.000005
2017-09-08T16:36:13.000000000Z	0.62	0.24	-0.000005	0.000005
2017-09-10T23:45:33.000000000Z	0.72	0.36	-0.000005	0.000005
2017-09-12T11:00:00.000000000Z	0.61	0.36	-20.000000	20.000000
2017-09-13T19:20:33.000000000Z	0.38	0.54	-0.000005	0.000005
2017-09-16T14:40:33.000000000Z	0.92	0.75	-0.000005	0.000005
2017-09-19T10:05:33.000000000Z	0.34	0.47	-0.000005	0.000005
2017-09-22T05:30:43.000000000Z	0.49	0.70	-0.000005	0.000005
2017-09-25T00:55:33.000000000Z	0.54	0.49	-0.000005	0.000005
2017-09-27T20:20:33.000000000Z	0.69	0.40	-0.000005	0.000005
2017-09-30T15:40:33.000000000Z	0.98	0.66	-0.000005	0.000005
2017-10-03T11:18:43.000000000Z	0.72	0.62	-0.000005	0.000005
2017-10-03T20:36:10.000000000Z	0.55	0.31	-20.000000	20.000000
2017-10-03T20:52:10.000000000Z	0.55	0.69	-20.000000	20.000000
2017-10-04T02:28:10.000000000Z	0.54	0.37	-20.000000	20.000000
2017-10-04T02:55:50.000000000Z	0.56	0.63	-20.000000	20.000000
2017-10-06T13:53:03.000000000Z	0.48	0.68	-0.000005	0.000005
2017-10-06T16:01:10.000000000Z	0.34	0.72	-20.000000	20.000000
2017-10-06T16:04:10.000000000Z	1.08	0.69	-20.000000	20.000000
2017-10-06T21:12:50.000000000Z	0.17	0.46	-20.000000	20.000000
2017-10-06T21:35:50.000000000Z	0.02	0.31	-20.000000	20.000000
2017-10-06T21:38:50.000000000Z	0.28	0.50	-20.000000	20.000000
2017-10-06T22:06:30.000000000Z	0.74	1.08	-20.000000	20.000000
2017-10-06T22:10:30.000000000Z	0.36	0.75	-20.000000	20.000000
2017-10-06T22:25:10.000000000Z	0.01	0.60	-20.000000	20.000000
2017-10-06T22:29:10.000000000Z	0.36	0.79	-20.000000	20.000000
2017-10-06T22:33:10.000000000Z	1.01	0.84	-20.000000	20.000000
2017-10-06T22:56:10.000000000Z	0.23	0.59	-20.000000	20.000000
2017-10-06T23:03:50.000000000Z	0.94	0.72	-20.000000	20.000000
2017-10-09T10:40:13.000000000Z	0.68	0.54	-0.000005	0.000005
2017-10-09T18:14:30.000000000Z	0.50	0.48	-20.000000	20.000000
2017-10-09T19:04:10.000000000Z	0.53	0.72	-20.000000	20.000000
2017-10-09T19:54:50.000000000Z	0.45	0.46	-20.000000	20.000000
2017-10-09T21:15:10.000000000Z	0.74	1.01	-20.000000	20.000000
2017-10-09T21:33:10.000000000Z	0.46	0.51	-20.000000	20.000000
2017-10-10T08:11:30.000000000Z	0.54	0.76	-20.000000	20.000000
2017-10-12T06:59:13.000000000Z	0.51	0.48	-0.000005	0.000005
2017-10-12T07:26:10.000000000Z	0.64	0.35	-20.000000	20.000000
2017-10-12T07:32:30.000000000Z	0.50	0.60	-20.000000	20.000000
2017-10-12T12:35:30.000000000Z	1.10	1.43	-20.000000	20.000000
2017-10-12T12:37:10.000000000Z	0.47	1.18	-20.000000	20.000000
2017-10-12T13:02:30.000000000Z	-0.71	0.15	-20.000000	20.000000
2017-10-12T13:13:30.000000000Z	-0.02	0.42	-20.000000	20.000000
2017-10-12T13:23:10.000000000Z	-0.69	0.13	-20.000000	20.000000
2017-10-12T13:37:30.000000000Z	0.21	0.22	-20.000000	20.000000
2017-10-12T13:44:50.000000000Z	-0.01	0.23	-20.000000	20.000000
2017-10-12T13:50:10.000000000Z	0.25	0.52	-20.000000	20.000000
2017-10-12T14:16:30.000000000Z	2.30	2.07	-20.000000	20.000000
2017-10-12T15:00:30.000000000Z	0.18	0.67	-20.000000	20.000000
2017-10-12T15:22:30.000000000Z	-0.23	0.19	-20.000000	20.000000
2017-10-12T15:36:50.000000000Z	0.40	0.82	-20.000000	20.000000
2017-10-12T17:10:50.000000000Z	1.44	0.86	-20.000000	20.000000
2017-10-12T17:15:50.000000000Z	0.52	1.30	-20.000000	20.000000
2017-10-12T17:20:10.000000000Z	1.69	1.75	-20.000000	20.000000
2017-10-12T17:22:50.000000000Z	0.53	1.31	-20.000000	20.000000
2017-10-12T17:27:30.000000000Z	1.69	1.26	-20.000000	20.000000
2017-10-12T18:58:30.000000000Z	0.42	0.84	-20.000000	20.000000
2017-10-12T19:07:10.000000000Z	1.99	1.56	-20.000000	20.000000
2017-10-12T19:14:10.000000000Z	0.42	0.98	-20.000000	20.000000
2017-10-12T19:33:10.000000000Z	0.25	0.30	-20.000000	20.000000
2017-10-12T19:38:50.000000000Z	0.48	0.70	-20.000000	20.000000
2017-10-12T20:03:10.000000000Z	0.78	0.74	-20.000000	20.000000
2017-10-12T20:11:10.000000000Z	0.52	0.62	-20.000000	20.000000
2017-10-12T21:35:30.000000000Z	0.32	0.71	-20.000000	20.000000
2017-10-12T21:39:50.000000000Z	0.31	0.62	-20.000000	20.000000
2017-10-12T21:46:30.000000000Z	1.01	0.71	-20.000000	20.000000
2017-10-12T21:48:10.000000000Z	0.39	0.42	-20.000000	20.000000
2017-10-12T23:17:50.000000000Z	0.70	0.47	-20.000000	20.000000
2017-10-12T23:29:10.000000000Z	0.38	0.40	-20.000000	20.000000
2017-10-12T23:36:30.000000000Z	0.91	0.66	-20.000000	20.000000
2017-10-13T00:13:30.000000000Z	0.55	1.06	-20.000000	20.000000
2017-10-13T00:44:10.000000000Z	1.53	1.24	-20.000000	20.000000
2017-10-13T00:55:30.000000000Z	0.55	0.92	-20.000000	20.000000
2017-10-13T01:20:10.000000000Z	1.47	0.97	-20.000000	20.000000
2017-10-13T01:38:10.000000000Z	0.68	1.23	-20.000000	20.000000
2017-10-13T01:43:50.000000000Z	1.73	1.56	-20.000000	20.000000
2017-10-13T01:48:30.000000000Z	0.61	1.26	-20.000000	20.000000
2017-10-13T01:53:50.000000000Z	0.63	0.57	-20.000000	20.000000
2017-10-13T02:27:30.000000000Z	0.15	0.35	-20.000000	20.000000
2017-10-13T02:30:50.000000000Z	0.07	0.29	-20.000000	20.000000
2017-10-13T02:36:50.000000000Z	0.41	0.45	-20.000000	20.000000
2017-10-13T03:08:10.000000000Z	0.02	0.15	-20.000000	20.000000
2017-10-13T03:20:10.000000000Z	0.09	0.26	-20.000000	20.000000
2017-10-13T03:27:30.000000000Z	1.39	0.85	-20.000000	20.000000
2017-10-13T07:02:10.000000000Z	0.40	1.10	-20.000000	20.000000
2017-10-13T07:13:10.000000000Z	1.35	0.71	-20.000000	20.000000
2017-10-13T08:00:10.000000000Z	0.40	0.65	-20.000000	20.000000
2017-10-13T08:59:50.000000000Z	-0.18	0.27	-20.000000	20.000000
2017-10-13T09:03:30.000000000Z	0.18	0.36	-20.000000	20.000000
2017-10-13T09:44:30.000000000Z	-0.04	0.15	-20.000000	20.000000
2017-10-15T02:56:43.000000000Z	0.04	0.72	-0.000005	0.000005
2017-10-15T04:30:50.000000000Z	0.39	0.32	-20.000000	20.000000
2017-10-15T05:32:50.000000000Z	0.37	0.76	-20.000000	20.000000
2017-10-15T05:39:30.000000000Z	1.55	0.79	-20.000000	20.000000
2017-10-15T07:13:10.000000000Z	0.33	1.33	-20.000000	20.000000
2017-10-15T07:19:50.000000000Z	1.56	0.98	-20.000000	20.000000
2017-10-15T07:25:10.000000000Z	0.43	1.15	-20.000000	20.000000
2017-10-15T08:55:50.000000000Z	0.43	1.17	-20.000000	20.000000
2017-10-15T08:58:50.000000000Z	0.19	0.57	-20.000000	20.000000
2017-10-15T13:54:10.000000000Z	0.46	0.67	-20.000000	20.000000
2017-10-15T13:56:10.000000000Z	0.26	0.49	-20.000000	20.000000
2017-10-15T16:44:10.000000000Z	0.37	0.20	-20.000000	20.000000
2017-10-15T16:49:30.000000000Z	0.36	0.61	-20.000000	20.000000
2017-10-15T17:31:50.000000000Z	0.86	1.00	-20.000000	20.000000
2017-10-15T17:51:50.000000000Z	0.34	0.63	-20.000000	20.000000
2017-10-15T17:57:10.000000000Z	0.44	0.79	-20.000000	20.000000
2017-10-15T18:19:30.000000000Z	0.58	0.88	-20.000000	20.000000
2017-10-15T18:23:50.000000000Z	1.25	0.79	-20.000000	20.000000
2017-10-15T18:42:30.000000000Z	0.35	1.06	-20.000000	20.000000
2017-10-15T18:46:50.000000000Z	1.48	1.58	-20.000000	20.000000
2017-10-15T19:11:30.000000000Z	0.48	1.09	-20.000000	20.000000
2017-10-15T19:13:10.000000000Z	1.45	1.29	-20.000000	20.000000
2017-10-15T19:15:10.000000000Z	0.45	1.06	-20.000000	20.000000
2017-10-15T19:26:10.000000000Z	0.99	0.89	-20.000000	20.000000
2017-10-15T20:36:10.000000000Z	0.51	0.87	-20.000000	20.000000
2017-10-15T20:44:50.000000000Z	0.48	1.41	-20.000000	20.000000
2017-10-15T20:46:30.000000000Z	0.54	0.82	-20.000000	20.000000
2017-10-15T21:00:10.000000000Z	1.92	1.49	-20.000000	20.000000
2017-10-15T21:03:10.000000000Z	0.47	1.12	-20.000000	20.000000
2017-10-15T21:12:10.000000000Z	0.58	1.09	-20.000000	20.000000
2017-10-15T21:14:10.000000000Z	0.50	1.29	-20.000000	20.000000
2017-10-15T21:17:30.000000000Z	1.20	1.51	-20.000000	20.000000
2017-10-15T21:28:30.000000000Z	0.40	1.06	-20.000000	20.000000
2017-10-15T21:38:30.000000000Z	1.57	1.34	-20.000000	20.000000
2017-10-15T21:57:10.000000000Z	0.38	0.91	-20.000000	20.000000
2017-10-15T22:01:30.000000000Z	1.43	1.23	-20.000000	20.000000
2017-10-15T22:03:50.000000000Z	0.56	0.68	-20.000000	20.000000
2017-10-15T22:05:50.000000000Z	0.65	0.58	-20.000000	20.000000
2017-10-15T22:10:10.000000000Z	0.41	0.80	-20.000000	20.000000
2017-10-15T22:21:30.000000000Z	1.70	1.54	-20.000000	20.000000
2017-10-15T23:06:10.000000000Z	0.50	1.23	-20.000000	20.000000
2017-10-15T23:13:30.000000000Z	1.28	1.17	-20.000000	20.000000
2017-10-15T23:16:30.000000000Z	0.42	0.88	-20.000000	20.000000
2017-10-15T23:21:50.000000000Z	0.65	0.70	-20.000000	20.000000
2017-10-15T23:26:30.000000000Z	0.38	0.91	-20.000000	20.000000
2017-10-15T23:31:10.000000000Z	1.19	0.72	-20.000000	20.000000
2017-10-15T23:58:30.000000000Z	0.36	0.84	-20.000000	20.000000
2017-10-16T00:02:30.000000000Z	0.77	0.71	-20.000000	20.000000
2017-10-16T00:10:10.000000000Z	0.33	0.86	-20.000000	20.000000
2017-10-16T00:30:50.000000000Z	0.54	0.63	-20.000000	20.000000
2017-10-16T00:38:30.000000000Z	0.26	0.56	-20.000000	20.000000
2017-10-16T00:41:30.000000000Z	0.78	0.83	-20.000000	20.000000
2017-10-16T00:46:50.000000000Z	0.35	0.80	-20.000000	20.000000
2017-10-16T01:06:50.000000000Z	1.47	1.00	-20.000000	20.000000
2017-10-16T01:34:50.000000000Z	0.44	1.30	-20.000000	20.000000
2017-10-16T01:42:10.000000000Z	1.04	0.90	-20.000000	20.000000
2017-10-16T01:51:10.000000000Z	0.42	1.15	-20.000000	20.000000
2017-10-16T01:58:50.000000000Z	1.08	0.71	-20.000000	20.000000
2017-10-17T23:45:23.000000000Z	0.73	0.61	-0.000005	0.000005
2017-10-18T00:56:50.000000000Z	0.40	0.48	-20.000000	20.000000
2017-10-18T01:11:50.000000000Z	0.44	0.60	-20.000000	20.000000
2017-10-18T01:25:10.000000000Z	0.35	0.37	-20.000000	20.000000
2017-10-18T01:39:10.000000000Z	1.09	0.57	-20.000000	20.000000
2017-10-18T04:33:50.000000000Z	0.37	0.47	-20.000000	20.000000
2017-10-18T05:10:30.000000000Z	0.43	0.57	-20.000000	20.000000
2017-10-18T05:13:30.000000000Z	0.44	0.46	-20.000000	20.000000
2017-10-18T05:18:10.000000000Z	0.33	0.72	-20.000000	20.000000
2017-10-18T05:20:30.000000000Z	0.48	0.57	-20.000000	20.000000
2017-10-18T05:28:30.000000000Z	0.80	0.57	-20.000000	20.000000
2017-10-18T05:51:50.000000000Z	0.47	0.56	-20.000000	20.000000
2017-10-18T06:07:50.000000000Z	0.62	0.65	-20.000000	20.000000
2017-10-18T06:42:30.000000000Z	0.45	0.57	-20.000000	20.000000
2017-10-18T07:17:10.000000000Z	0.68	0.69	-20.000000	20.000000
2017-10-18T07:33:10.000000000Z	0.45	0.54	-20.000000	20.000000
2017-10-18T07:37:10.000000000Z	0.66	0.69	-20.000000	20.000000
2017-10-18T07:54:30.000000000Z	0.42	0.53	-20.000000	20.000000
2017-10-18T09:20:50.000000000Z	0.59	0.77	-20.000000	20.000000
2017-10-18T09:34:30.000000000Z	0.39	0.52	-20.000000	20.000000
2017-10-18T12:47:10.000000000Z	0.75	0.73	-20.000000	20.000000
2017-10-18T13:18:50.000000000Z	0.41	0.46	-20.000000	20.000000
2017-10-19T00:56:50.000000000Z	0.58	0.79	-20.000000	20.000000
2017-10-20T19:50:23.000000000Z	0.40	0.44	-0.000005	0.000005
2017-10-20T23:06:50.000000000Z	0.29	0.64	-20.000000	20.000000
2017-10-20T23:15:50.000000000Z	0.47	0.52	-20.000000	20.000000
2017-10-21T14:14:30.000000000Z	1.21	0.68	-20.000000	20.000000
2017-10-21T15:48:10.000000000Z	0.33	0.45	-20.000000	20.000000
2017-10-21T20:42:30.000000000Z	0.81	0.66	-20.000000	20.000000
2017-10-21T20:54:50.000000000Z	0.94	0.90	-20.000000	20.000000
2017-10-21T20:57:10.000000000Z	1.11	0.81	-20.000000	20.000000
2017-10-21T21:07:10.000000000Z	0.55	1.01	-20.000000	20.000000
2017-10-21T21:27:10.000000000Z	0.80	1.02	-20.000000	20.000000
2017-10-21T21:33:30.000000000Z	0.73	0.80	-20.000000	20.000000
2017-10-21T21:41:30.000000000Z	1.03	0.74	-20.000000	20.000000
2017-10-21T21:50:30.000000000Z	0.51	0.93	-20.000000	20.000000
2017-10-21T22:00:10.000000000Z	0.78	0.43	-20.000000	20.000000
2017-10-21T22:12:50.000000000Z	0.34	0.55	-20.000000	20.000000
2017-10-21T22:17:10.000000000Z	0.12	0.49	-20.000000	20.000000
2017-10-21T22:29:50.000000000Z	0.19	0.45	-20.000000	20.000000
2017-10-21T22:41:50.000000000Z	0.01	0.38	-20.000000	20.000000
2017-10-21T22:45:30.000000000Z	0.24	0.45	-20.000000	20.000000
2017-10-21T23:13:10.000000000Z	0.81	0.67	-20.000000	20.000000
2017-10-23T15:35:23.000000000Z	0.45	0.51	-0.000005	0.000005
2017-10-24T20:03:10.000000000Z	0.63	0.41	-20.000000	20.000000
2017-10-26T11:45:13.000000000Z	0.46	0.60	-0.000005	0.000005
2017-10-27T06:31:30.000000000Z	1.05	0.77	-20.000000	20.000000
2017-10-27T06:42:10.000000000Z	0.49	0.52	-20.000000	20.000000
2017-10-27T12:14:30.000000000Z	0.73	0.81	-20.000000	20.000000
2017-10-27T13:18:50.000000000Z	0.24	0.55	-20.000000	20.000000
2017-10-27T13:24:50.000000000Z	0.94	0.65	-20.000000	20.000000
2017-10-29T07:40:13.000000000Z	0.50	0.54	-0.000005	0.000005
2017-10-30T04:24:50.000000000Z	0.43	0.67	-20.000000	20.000000
2017-10-30T04:39:30.000000000Z	0.40	0.38	-20.000000	20.000000
2017-10-30T04:45:10.000000000Z	0.41	0.82	-20.000000	20.000000
2017-10-30T05:08:50.000000000Z	0.38	0.44	-20.000000	20.000000
2017-10-30T05:31:10.000000000Z	0.35	0.87	-20.000000	20.000000
2017-10-30T05:46:10.000000000Z	0.37	0.45	-20.000000	20.000000
2017-10-30T06:08:50.000000000Z	0.55	0.64	-20.000000	20.000000
2017-10-30T08:31:10.000000000Z	0.23	0.45	-20.000000	20.000000
2017-10-30T08:34:30.000000000Z	0.46	0.68	-20.000000	20.000000
2017-11-01T03:10:03.000000000Z	0.41	0.46	-0.000005	0.000005
2017-11-02T04:26:50.000000000Z	1.26	0.06	-20.000000	20.000000
2017-11-02T06:05:10.000000000Z	0.31	0.39	-20.000000	20.000000
2017-11-02T08:29:10.000000000Z	1.23	0.56	-20.000000	20.000000
2017-11-03T23:20:03.000000000Z	0.40	0.60	-0.000005	0.000005
2017-11-04T23:17:10.000000000Z	1.52	1.12	-20.000000	20.000000
2017-11-04T23:18:50.000000000Z	0.35	1.14	-20.000000	20.000000
2017-11-04T23:21:50.000000000Z	1.43	1.19	-20.000000	20.000000
2017-11-04T23:25:10.000000000Z	0.30	0.93	-20.000000	20.000000
2017-11-04T23:44:50.000000000Z	0.22	0.62	-20.000000	20.000000
2017-11-04T23:51:50.000000000Z	0.37	0.50	-20.000000	20.000000
2017-11-05T00:09:50.000000000Z	0.31	0.56	-20.000000	20.000000
2017-11-05T00:20:10.000000000Z	0.34	0.47	-20.000000	20.000000
2017-11-05T00:59:10.000000000Z	0.28	0.68	-20.000000	20.000000
2017-11-05T01:04:30.000000000Z	0.30	0.45	-20.000000	20.000000
2017-11-05T01:06:50.000000000Z	1.04	0.74	-20.000000	20.000000
2017-11-06T19:30:03.000000000Z	0.38	0.50	-0.000005	0.000005
2017-11-08T01:29:10.000000000Z	0.38	0.41	-20.000000	20.000000
2017-11-09T14:50:03.000000000Z	0.33	0.80	-0.000005	0.000005
2017-11-10T17:26:10.000000000Z	0.42	0.16	-20.000000	20.000000
2017-11-10T17:27:50.000000000Z	0.13	1.05	-20.000000	20.000000
2017-11-10T18:59:50.000000000Z	0.83	1.53	-20.000000	20.000000
2017-11-10T19:01:30.000000000Z	0.05	0.96	-20.000000	20.000000
2017-11-10T20:43:10.000000000Z	0.74	0.61	-20.000000	20.000000
2017-11-10T20:44:50.000000000Z	0.27	0.93	-20.000000	20.000000
2017-11-10T20:52:10.000000000Z	0.73	0.82	-20.000000	20.000000
2017-11-10T20:56:30.000000000Z	0.26	1.02	-20.000000	20.000000
2017-11-10T21:02:30.000000000Z	1.02	0.91	-20.000000	20.000000
2017-11-10T21:26:50.000000000Z	0.27	1.01	-20.000000	20.000000
2017-11-10T21:32:30.000000000Z	0.67	0.51	-20.000000	20.000000
2017-11-12T11:15:13.000000000Z	0.38	0.50	-0.000005	0.000005
2017-11-13T15:59:10.000000000Z	0.91	0.66	-20.000000	20.000000
2017-11-13T16:01:10.000000000Z	0.42	0.62	-20.000000	20.000000
2017-11-13T17:03:50.000000000Z	0.77	0.61	-20.000000	20.000000
2017-11-14T12:23:53.000000000Z	0.66	-0.18	-0.000005	0.000005
2017-11-14T19:57:10.000000000Z	0.53	0.07	-20.000000	20.000000
2017-11-15T10:41:54.422075500Z	0.72	0.18	-0.000005	0.000005
2017-11-16T10:41:02.020659500Z	0.47	1.09	-0.000005	0.000005
2017-11-16T12:27:30.000000000Z	1.19	0.73	-20.000000	20.000000
2017-11-16T12:36:10.000000000Z	0.39	1.08	-20.000000	20.000000
2017-11-16T12:39:50.000000000Z	1.49	0.88	-20.000000	20.000000
2017-11-16T13:52:10.000000000Z	0.29	0.51	-20.000000	20.000000
2017-11-16T13:57:30.000000000Z	1.41	0.99	-20.000000	20.000000
2017-11-16T14:07:10.000000000Z	0.37	1.03	-20.000000	20.000000
2017-11-16T14:08:50.000000000Z	1.14	0.86	-20.000000	20.000000
2017-11-16T14:12:50.000000000Z	0.18	0.43	-20.000000	20.000000
2017-11-16T14:16:10.000000000Z	0.74	0.63	-20.000000	20.000000
2017-11-17T07:47:03.000000000Z	0.94	-0.00	-0.000005	0.000005
2017-11-17T12:21:50.000000000Z	0.10	0.30	-20.000000	20.000000
2017-11-17T12:39:10.000000000Z	1.05	0.33	-20.000000	20.000000
2017-11-17T12:59:50.000000000Z	0.26	0.36	-20.000000	20.000000
2017-11-18T06:12:38.654807500Z	0.38	0.21	-0.000005	0.000005
2017-11-19T06:46:37.078413500Z	0.41	0.47	-0.000005	0.000005
2017-11-19T11:10:30.000000000Z	0.58	0.42	-20.000000	20.000000
2017-11-19T11:15:50.000000000Z	0.44	0.48	-20.000000	20.000000
2017-11-19T11:50:10.000000000Z	0.34	0.54	-20.000000	20.000000
2017-11-19T11:52:10.000000000Z	0.42	0.45	-20.000000	20.000000
2017-11-19T11:57:30.000000000Z	0.29	0.34	-20.000000	20.000000
2017-11-19T12:03:10.000000000Z	0.43	0.53	-20.000000	20.000000
2017-11-19T12:11:10.000000000Z	0.72	0.25	-20.000000	20.000000
2017-11-20T03:17:53.000000000Z	1.08	0.01	-0.000005	0.000005
2017-11-20T07:28:50.000000000Z	0.85	0.27	-20.000000	20.000000
2017-11-20T07:32:50.000000000Z	0.33	0.29	-20.000000	20.000000
2017-11-20T07:35:10.000000000Z	0.81	0.26	-20.000000	20.000000
2017-11-20T07:40:30.000000000Z	1.01	0.11	-20.000000	20.000000
2017-11-20T07:45:50.000000000Z	0.82	0.24	-20.000000	20.000000
2017-11-20T08:06:50.000000000Z	0.68	0.22	-20.000000	20.000000
2017-11-20T08:08:30.000000000Z	0.79	0.25	-20.000000	20.000000
2017-11-21T02:21:38.179119000Z	0.89	0.02	-0.000005	0.000005
2017-11-22T03:00:36.138577000Z	0.13	0.56	-0.000005	0.000005
2017-11-22T04:41:30.000000000Z	0.58	0.67	-20.000000	20.000000
2017-11-22T04:44:50.000000000Z	0.18	0.85	-20.000000	20.000000
2017-11-22T04:53:50.000000000Z	0.60	0.89	-20.000000	20.000000
2017-11-22T04:57:30.000000000Z	0.07	0.71	-20.000000	20.000000
2017-11-22T04:59:30.000000000Z	0.25	0.68	-20.000000	20.000000
2017-11-22T05:03:30.000000000Z	0.17	0.61	-20.000000	20.000000
2017-11-22T05:24:10.000000000Z	0.95	1.04	-20.000000	20.000000
2017-11-22T05:29:50.000000000Z	0.14	0.80	-20.000000	20.000000
2017-11-22T05:36:30.000000000Z	0.42	0.59	-20.000000	20.000000
2017-11-22T22:52:53.000000000Z	0.97	0.08	-0.000005	0.000005
2017-11-23T04:50:50.000000000Z	0.04	0.33	-20.000000	20.000000
2017-11-23T04:55:30.000000000Z	0.81	0.16	-20.000000	20.000000
2017-11-23T05:11:50.000000000Z	0.26	0.16	-20.000000	20.000000
2017-11-23T05:18:30.000000000Z	1.24	0.25	-20.000000	20.000000
2017-11-23T05:21:10.000000000Z	0.13	0.38	-20.000000	20.000000
2017-11-23T05:23:30.000000000Z	0.79	0.14	-20.000000	20.000000
2017-11-23T05:30:10.000000000Z	0.05	0.11	-20.000000	20.000000
2017-11-23T05:34:10.000000000Z	0.70	0.32	-20.000000	20.000000
2017-11-23T05:45:30.000000000Z	0.20	0.15	-20.000000	20.000000
2017-11-23T22:21:39.035678500Z	0.58	0.19	-0.000005	0.000005
2017-11-24T23:03:38.693387500Z	0.43	0.90	-0.000005	0.000005
2017-11-24T23:20:30.000000000Z	1.59	1.23	-20.000000	20.000000
2017-11-25T00:37:50.000000000Z	0.66	0.88	-20.000000	20.000000
2017-11-25T01:02:30.000000000Z	1.36	0.10	-20.000000	20.000000
2017-11-25T01:06:30.000000000Z	0.68	0.89	-20.000000	20.000000
2017-11-25T01:26:10.000000000Z	1.06	0.45	-20.000000	20.000000
2017-11-25T18:34:53.000000000Z	0.97	0.10	-0.000005	0.000005
2017-11-25T23:50:10.000000000Z	0.49	0.28	-20.000000	20.000000
2017-11-26T18:37:37.181366500Z	0.76	0.33	-0.000005	0.000005
2017-11-27T18:58:41.189196500Z	0.36	0.62	-0.000005	0.000005
2017-11-28T00:59:30.000000000Z	0.36	0.77	-20.000000	20.000000
2017-11-28T14:08:53.000000000Z	1.35	-0.01	-0.000005	0.000005
2017-11-28T18:01:30.000000000Z	0.66	0.39	-20.000000	20.000000
2017-11-29T14:54:26.678150000Z	0.81	0.25	-0.000005	0.000005
2017-11-30T14:59:30.150837000Z	0.42	0.52	-0.000005	0.000005
2017-11-30T16:22:30.000000000Z	1.06	0.79	-20.000000	20.000000
2017-12-01T09:40:53.000000000Z	0.98	0.07	-0.000005	0.000005
2017-12-01T13:54:50.000000000Z	-0.07	0.22	-20.000000	20.000000
2017-12-01T13:57:30.000000000Z	0.93	0.14	-20.000000	20.000000
2017-12-01T14:01:50.000000000Z	-0.01	0.24	-20.000000	20.000000
2017-12-01T14:13:50.000000000Z	0.82	0.44	-20.000000	20.000000
2017-12-01T14:21:30.000000000Z	-0.15	0.28	-20.000000	20.000000
2017-12-01T14:31:10.000000000Z	0.96	0.32	-20.000000	20.000000
2017-12-01T14:34:50.000000000Z	0.32	0.12	-20.000000	20.000000
2017-12-02T13:54:33.255646500Z	0.13	0.17	-0.000005	0.000005
2017-12-03T11:01:30.110702500Z	0.64	0.80	-0.000005	0.000005
2017-12-03T11:21:10.000000000Z	0.24	0.70	-20.000000	20.000000
2017-12-03T11:26:50.000000000Z	0.82	0.59	-20.000000	20.000000
2017-12-04T05:15:53.000000000Z	0.53	0.24	-0.000005	0.000005
2017-12-04T08:25:50.000000000Z	0.72	0.10	-20.000000	20.000000
2017-12-04T08:32:30.000000000Z	0.61	0.23	-20.000000	20.000000
2017-12-04T08:40:50.000000000Z	0.55	0.10	-20.000000	20.000000
2017-12-04T08:52:10.000000000Z	0.86	0.20	-20.000000	20.000000
2017-12-04T09:04:50.000000000Z	0.79	0.16	-20.000000	20.000000
2017-12-05T07:16:32.983815500Z	0.81	0.08	-0.000005	0.000005
2017-12-06T06:56:28.695025500Z	0.43	0.64	-0.000005	0.000005
2017-12-06T08:16:50.000000000Z	0.91	0.61	-20.000000	20.000000
2017-12-06T08:20:30.000000000Z	0.37	0.75	-20.000000	20.000000
2017-12-06T08:49:10.000000000Z	0.52	0.61	-20.000000	20.000000
2017-12-07T00:54:53.000000000Z	0.81	-0.00	-0.000005	0.000005
2017-12-07T05:52:10.000000000Z	-0.07	0.48	-20.000000	20.000000
2017-12-07T06:26:30.000000000Z	0.84	-0.14	-20.000000	20.000000
2017-12-07T06:36:30.000000000Z	-0.00	0.40	-20.000000	20.000000
2017-12-08T02:11:35.938352000Z	-0.00	0.19	-0.000005	0.000005
2017-12-09T03:00:30.701616000Z	1.06	0.34	-0.000005	0.000005
2017-12-09T20:32:53.000000000Z	1.01	0.08	-0.000005	0.000005
2017-12-10T00:44:30.000000000Z	0.54	0.26	-20.000000	20.000000
2017-12-10T00:51:50.000000000Z	0.94	0.05	-20.000000	20.000000
2017-12-10T00:56:30.000000000Z	0.46	0.28	-20.000000	20.000000
2017-12-10T00:59:50.000000000Z	0.98	0.07	-20.000000	20.000000
2017-12-10T01:07:30.000000000Z	0.60	0.28	-20.000000	20.000000
2017-12-10T20:29:25.431423000Z	0.68	0.15	-0.000005	0.000005
2017-12-11T22:54:33.885715000Z	0.57	0.39	-0.000005	0.000005
2017-12-12T03:33:30.000000000Z	0.50	0.94	-20.000000	20.000000
2017-12-12T16:10:53.000000000Z	1.50	-0.12	-0.000005	0.000005
2017-12-12T18:41:10.000000000Z	0.30	0.15	-20.000000	20.000000
2017-12-12T18:57:10.000000000Z	0.30	-0.24	-20.000000	20.000000
2017-12-12T19:00:30.000000000Z	0.03	0.21	-20.000000	20.000000
2017-12-12T19:03:30.000000000Z	0.99	0.03	-20.000000	20.000000
2017-12-12T19:42:50.000000000Z	0.12	0.11	-20.000000	20.000000
2017-12-12T19:46:50.000000000Z	0.35	0.53	-20.000000	20.000000
2017-12-12T19:56:50.000000000Z	0.37	0.43	-20.000000	20.000000
2017-12-13T15:45:31.121661000Z	0.26	0.15	-0.000005	0.000005
2017-12-14T18:46:30.326820000Z	0.53	0.55	-0.000005	0.000005
2017-12-14T22:01:50.000000000Z	0.66	0.75	-20.000000	20.000000
2017-12-14T22:08:10.000000000Z	0.46	0.42	-20.000000	20.000000
2017-12-14T22:12:10.000000000Z	0.88	0.46	-20.000000	20.000000
2017-12-14T22:48:10.000000000Z	0.56	0.52	-20.000000	20.000000
2017-12-14T22:56:50.000000000Z	0.33	0.73	-20.000000	20.000000
2017-12-14T22:59:10.000000000Z	0.18	0.29	-20.000000	20.000000
2017-12-14T23:00:50.000000000Z	0.89	0.45	-20.000000	20.000000
2017-12-14T23:15:10.000000000Z	0.46	0.44	-20.000000	20.000000
2017-12-14T23:22:30.000000000Z	0.38	0.53	-20.000000	20.000000
2017-12-14T23:28:10.000000000Z	0.53	0.67	-20.000000	20.000000
2017-12-14T23:37:10.000000000Z	0.87	0.55	-20.000000	20.000000
2017-12-15T11:44:53.000000000Z	1.00	0.13	-0.000005	0.000005
2017-12-15T14:23:30.000000000Z	0.86	0.23	-20.000000	20.000000
2017-12-15T15:02:30.000000000Z	1.14	0.10	-20.000000	20.000000
2017-12-15T16:50:10.000000000Z	0.75	0.25	-20.000000	20.000000
2017-12-16T14:23:39.043121000Z	0.61	0.24	-0.000005	0.000005
2017-12-17T14:42:34.327375000Z	0.39	0.58	-0.000005	0.000005
2017-12-17T19:19:30.000000000Z	0.33	0.39	-20.000000	20.000000
2017-12-17T19:30:30.000000000Z	0.17	0.70	-20.000000	20.000000
2017-12-17T19:32:30.000000000Z	0.47	0.46	-20.000000	20.000000
2017-12-18T07:16:53.000000000Z	0.91	0.06	-0.000005	0.000005
2017-12-18T11:51:50.000000000Z	-0.43	-0.18	-20.000000	20.000000
2017-12-18T11:55:10.000000000Z	0.61	-0.30	-20.000000	20.000000
2017-12-18T11:58:30.000000000Z	-0.45	0.26	-20.000000	20.000000
2017-12-18T13:29:10.000000000Z	0.74	0.15	-20.000000	20.000000
2017-12-18T13:35:30.000000000Z	-0.46	0.27	-20.000000	20.000000
2017-12-19T09:18:27.485904000Z	-0.25	0.31	-0.000005	0.000005
2017-12-20T10:40:27.993920000Z	0.45	0.55	-0.000005	0.000005
2017-12-20T14:18:10.000000000Z	1.14	0.42	-20.000000	20.000000
2017-12-20T14:29:10.000000000Z	0.55	0.51	-20.000000	20.000000
2017-12-20T14:31:10.000000000Z	0.68	0.54	-20.000000	20.000000
2017-12-20T14:46:10.000000000Z	0.49	0.61	-20.000000	20.000000
2017-12-20T14:53:50.000000000Z	1.03	0.43	-20.000000	20.000000
2017-12-21T02:59:53.000000000Z	1.01	0.04	-0.000005	0.000005
2017-12-21T08:03:30.000000000Z	0.15	0.09	-20.000000	20.000000
2017-12-21T08:07:10.000000000Z	0.40	0.14	-20.000000	20.000000
2017-12-21T08:12:10.000000000Z	0.24	0.17	-20.000000	20.000000
2017-12-21T08:16:30.000000000Z	0.42	0.42	-20.000000	20.000000
2017-12-21T08:19:50.000000000Z	0.29	0.12	-20.000000	20.000000
2017-12-22T05:25:26.236933000Z	0.60	0.26	-0.000005	0.000005
2017-12-23T06:32:33.365882000Z	0.49	0.42	-0.000005	0.000005
2017-12-23T10:44:50.000000000Z	0.80	0.67	-20.000000	20.000000
2017-12-23T11:28:30.000000000Z	0.24	0.36	-20.000000	20.000000
2017-12-23T11:31:50.000000000Z	1.78	0.76	-20.000000	20.000000
2017-12-23T22:39:43.000000000Z	1.15	0.15	-0.000005	0.000005
2017-12-24T01:45:30.000000000Z	0.78	-0.07	-20.000000	20.000000
2017-12-24T01:47:30.000000000Z	1.92	0.17	-20.000000	20.000000
2017-12-24T01:58:10.000000000Z	1.04	0.36	-20.000000	20.000000
2017-12-24T23:45:22.392594500Z	0.29	0.22	-0.000005	0.000005
2017-12-26T02:16:28.814130500Z	0.46	0.51	-0.000005	0.000005
2017-12-26T04:54:10.000000000Z	1.00	0.63	-20.000000	20.000000
2017-12-26T04:56:10.000000000Z	0.63	0.73	-20.000000	20.000000
2017-12-26T05:45:30.000000000Z	1.19	0.36	-20.000000	20.000000
2017-12-26T18:13:43.000000000Z	1.19	0.04	-0.000005	0.000005
2017-12-26T21:51:10.000000000Z	0.45	0.10	-20.000000	20.000000
2017-12-26T21:53:10.000000000Z	1.18	0.04	-20.000000	20.000000
2017-12-26T22:09:50.000000000Z	0.29	0.17	-20.000000	20.000000
2017-12-27T18:42:32.486148500Z	0.69	0.25	-0.000005	0.000005
2017-12-28T22:05:31.272769500Z	0.44	0.68	-0.000005	0.000005
2017-12-28T23:04:30.000000000Z	0.82	0.52	-20.000000	20.000000
2017-12-28T23:11:10.000000000Z	0.46	0.73	-20.000000	20.000000
2017-12-28T23:48:10.000000000Z	0.58	0.64	-20.000000	20.000000
2017-12-28T23:52:50.000000000Z	0.43	0.75	-20.000000	20.000000
2017-12-28T23:57:10.000000000Z	0.73	0.66	-20.000000	20.000000
2017-12-29T00:08:30.000000000Z	0.47	0.61	-20.000000	20.000000
2017-12-29T00:12:10.000000000Z	1.05	0.60	-20.000000	20.000000
2017-12-29T00:19:50.000000000Z	0.36	0.71	-20.000000	20.000000
2017-12-29T00:36:10.000000000Z	0.68	0.62	-20.000000	20.000000
2017-12-29T00:44:50.000000000Z	0.36	0.70	-20.000000	20.000000
2017-12-29T00:49:30.000000000Z	0.83	0.47	-20.000000	20.000000
2017-12-29T13:47:43.000000000Z	1.02	0.14	-0.000005	0.000005
2017-12-29T17:25:30.000000000Z	0.60	0.26	-20.000000	20.000000
2017-12-29T18:42:10.000000000Z	0.97	0.14	-20.000000	20.000000
2017-12-29T18:46:10.000000000Z	0.63	0.24	-20.000000	20.000000
2017-12-29T19:07:50.000000000Z	0.57	0.34	-20.000000	20.000000
2017-12-29T19:10:30.000000000Z	0.28	0.26	-20.000000	20.000000
2017-12-29T19:32:50.000000000Z	0.08	0.20	-20.000000	20.000000
2017-12-29T19:34:50.000000000Z	0.14	0.24	-20.000000	20.000000
2017-12-29T19:43:50.000000000Z	0.85	0.23	-20.000000	20.000000
2017-12-29T20:01:30.000000000Z	0.56	0.28	-20.000000	20.000000
2017-12-30T13:09:25.128727000Z	0.52	0.14	-0.000005	0.000005
2017-12-31T17:57:22.847037000Z	0.50	0.40	-0.000005	0.000005
2017-12-31T22:09:30.000000000Z	1.05	1.11	-20.000000	20.000000
2018-01-01T09:25:43.000000000Z	1.17	0.02	-0.000005	0.000005
2018-01-01T12:56:50.000000000Z	0.44	0.27	-20.000000	20.000000
2018-01-01T13:12:30.000000000Z	1.25	-0.08	-20.000000	20.000000
2018-01-01T13:20:10.000000000Z	0.12	0.30	-20.000000	20.000000
2018-01-02T08:15:29.483602500Z	0.39	0.29	-0.000005	0.000005
2018-01-03T13:49:26.016131500Z	0.48	0.56	-0.000005	0.000005
2018-01-03T17:33:10.000000000Z	0.02	0.65	-20.000000	20.000000
2018-01-03T17:38:10.000000000Z	0.41	0.42	-20.000000	20.000000
2018-01-03T17:53:10.000000000Z	1.08	0.26	-20.000000	20.000000
2018-01-04T05:12:43.000000000Z	0.94	0.15	-0.000005	0.000005
2018-01-04T10:00:50.000000000Z	0.12	0.26	-20.000000	20.000000
2018-01-04T10:07:10.000000000Z	0.40	0.27	-20.000000	20.000000
2018-01-04T10:13:30.000000000Z	0.29	0.28	-20.000000	20.000000
2018-01-05T07:32:14.062542500Z	0.54	0.20	-0.000005	0.000005
2018-01-06T09:32:29.994033500Z	0.41	0.47	-0.000005	0.000005
2018-01-06T13:15:30.000000000Z	0.57	0.54	-20.000000	20.000000
2018-01-06T13:56:30.000000000Z	0.43	0.55	-20.000000	20.000000
2018-01-06T14:03:10.000000000Z	0.76	0.40	-20.000000	20.000000
2018-01-07T00:47:43.000000000Z	0.58	0.18	-0.000005	0.000005
2018-01-07T05:17:10.000000000Z	0.76	0.33	-20.000000	20.000000
2018-01-07T05:20:30.000000000Z	0.71	0.18	-20.000000	20.000000
2018-01-07T05:28:30.000000000Z	0.79	0.32	-20.000000	20.000000
2018-01-07T05:50:50.000000000Z	0.68	0.19	-20.000000	20.000000
2018-01-07T05:54:30.000000000Z	0.74	0.31	-20.000000	20.000000
2018-01-08T03:08:31.989020500Z	0.73	0.32	-0.000005	0.000005
2018-01-09T05:03:17.842730500Z	0.53	0.96	-0.000005	0.000005
2018-01-09T08:12:10.000000000Z	0.83	0.85	-20.000000	20.000000
2018-01-09T08:22:50.000000000Z	0.28	0.70	-20.000000	20.000000
2018-01-09T08:36:10.000000000Z	0.98	2.03	-20.000000	20.000000
2018-01-09T08:39:30.000000000Z	0.29	0.73	-20.000000	20.000000
2018-01-09T08:45:10.000000000Z	0.81	0.63	-20.000000	20.000000
2018-01-09T09:11:30.000000000Z	0.34	0.67	-20.000000	20.000000
2018-01-09T09:13:30.000000000Z	0.62	0.33	-20.000000	20.000000
2018-01-09T09:19:50.000000000Z	0.48	1.08	-20.000000	20.000000
2018-01-09T09:23:30.000000000Z	0.77	0.77	-20.000000	20.000000
2018-01-09T20:26:43.000000000Z	1.11	0.15	-0.000005	0.000005
2018-01-10T00:56:10.000000000Z	-0.14	0.19	-20.000000	20.000000
2018-01-11T00:28:18.043375500Z	0.37	0.25	-0.000005	0.000005
2018-01-12T00:31:59.004535500Z	0.42	0.52	-0.000005	0.000005
2018-01-12T01:50:30.000000000Z	1.05	0.30	-20.000000	20.000000
2018-01-12T01:52:10.000000000Z	0.46	0.53	-20.000000	20.000000
2018-01-12T03:22:10.000000000Z	0.66	0.81	-20.000000	20.000000
2018-01-12T05:16:30.000000000Z	0.74	0.30	-20.000000	20.000000
2018-01-12T05:18:10.000000000Z	0.83	0.46	-20.000000	20.000000
2018-01-12T16:02:43.000000000Z	0.93	0.14	-0.000005	0.000005
2018-01-12T20:07:10.000000000Z	0.75	0.35	-20.000000	20.000000
2018-01-13T21:33:10.874060000Z	0.78	0.28	-0.000005	0.000005
2018-01-14T20:22:10.159084000Z	0.45	0.61	-0.000005	0.000005
2018-01-15T00:34:10.000000000Z	0.90	1.07	-20.000000	20.000000
2018-01-15T00:38:10.000000000Z	0.22	0.71	-20.000000	20.000000
2018-01-15T01:09:50.000000000Z	1.58	0.41	-20.000000	20.000000
2018-01-15T11:41:43.000000000Z	1.08	0.01	-0.000005	0.000005
2018-01-15T16:08:10.000000000Z	0.17	0.43	-20.000000	20.000000
2018-01-15T16:11:10.000000000Z	0.97	0.20	-20.000000	20.000000
2018-01-15T16:28:10.000000000Z	-0.02	0.41	-20.000000	20.000000
2018-01-15T16:55:10.000000000Z	1.10	0.12	-20.000000	20.000000
2018-01-15T17:01:50.000000000Z	0.14	0.16	-20.000000	20.000000
2018-01-16T09:49:59.114554000Z	0.13	0.23	-0.000005	0.000005
2018-01-17T16:24:59.700390000Z	0.51	0.83	-0.000005	0.000005
2018-01-17T18:24:30.000000000Z	0.80	0.80	-20.000000	20.000000
2018-01-18T07:30:43.000000000Z	0.91	0.21	-0.000005	0.000005
2018-01-18T11:51:30.000000000Z	0.80	0.25	-20.000000	20.000000
2018-01-19T05:37:00.765432500Z	0.91	0.03	-0.000005	0.000005
2018-01-20T12:05:14.965149500Z	0.47	0.65	-0.000005	0.000005
2018-01-20T16:33:30.000000000Z	1.05	0.31	-20.000000	20.000000
2018-01-21T03:11:43.000000000Z	1.65	0.15	-0.000005	0.000005
2018-01-21T06:44:30.000000000Z	0.71	0.38	-20.000000	20.000000
2018-01-21T06:50:50.000000000Z	0.59	0.14	-20.000000	20.000000
2018-01-21T06:58:10.000000000Z	0.84	0.32	-20.000000	20.000000
2018-01-22T06:13:06.949161000Z	-0.20	0.28	-0.000005	0.000005
2018-01-23T07:22:46.944591000Z	0.48	0.79	-0.000005	0.000005
2018-01-23T09:06:50.000000000Z	0.79	1.29	-20.000000	20.000000
2018-01-23T09:09:10.000000000Z	0.43	0.72	-20.000000	20.000000
2018-01-23T09:15:50.000000000Z	0.84	0.54	-20.000000	20.000000
2018-01-23T09:23:50.000000000Z	0.42	0.73	-20.000000	20.000000
2018-01-23T09:44:50.000000000Z	1.07	0.47	-20.000000	20.000000
2018-01-23T22:53:43.000000000Z	0.83	0.25	-0.000005	0.000005
2018-01-24T04:00:50.000000000Z	0.23	0.41	-20.000000	20.000000
2018-01-24T04:06:10.000000000Z	0.87	0.29	-20.000000	20.000000
2018-01-24T04:18:50.000000000Z	0.19	0.35	-20.000000	20.000000
2018-01-24T04:24:10.000000000Z	0.95	0.29	-20.000000	20.000000
2018-01-24T04:37:10.000000000Z	0.26	0.39	-20.000000	20.000000
2018-01-25T02:30:06.296368000Z	0.72	0.34	-0.000005	0.000005
2018-01-26T02:36:53.652664000Z	0.54	0.78	-0.000005	0.000005
2018-01-26T07:54:10.000000000Z	1.79	0.76	-20.000000	20.000000
2018-01-26T07:56:30.000000000Z	0.37	0.83	-20.000000	20.000000
2018-01-26T08:02:10.000000000Z	1.47	0.45	-20.000000	20.000000
2018-01-26T08:20:30.000000000Z	0.06	0.76	-20.000000	20.000000
2018-01-26T08:26:10.000000000Z	1.64	0.05	-20.000000	20.000000
2018-01-26T18:32:43.000000000Z	1.09	0.13	-0.000005	0.000005
2018-01-26T21:43:50.000000000Z	0.04	0.07	-20.000000	20.000000
2018-01-26T21:45:50.000000000Z	1.12	0.03	-20.000000	20.000000
2018-01-26T21:52:50.000000000Z	0.11	0.04	-20.000000	20.000000
2018-01-26T22:04:50.000000000Z	1.14	0.13	-20.000000	20.000000
2018-01-26T22:27:50.000000000Z	0.10	-0.07	-20.000000	20.000000
2018-01-26T22:30:30.000000000Z	0.74	0.11	-20.000000	20.000000
2018-01-26T22:32:10.000000000Z	0.12	0.32	-20.000000	20.000000
2018-01-26T23:25:30.000000000Z	1.20	-0.13	-20.000000	20.000000
2018-01-26T23:31:50.000000000Z	0.12	0.26	-20.000000	20.000000
2018-01-27T22:25:19.015946000Z	0.29	0.31	-0.000005	0.000005
2018-01-28T22:23:58.568531000Z	0.47	0.58	-0.000005	0.000005
2018-01-29T03:10:50.000000000Z	0.83	0.47	-20.000000	20.000000
2018-01-29T03:20:10.000000000Z	0.53	0.59	-20.000000	20.000000
2018-01-29T03:32:50.000000000Z	0.65	0.49	-20.000000	20.000000
2018-01-29T04:05:10.000000000Z	0.50	0.55	-20.000000	20.000000
2018-01-29T04:13:30.000000000Z	0.88	0.40	-20.000000	20.000000
2018-01-29T14:14:43.000000000Z	0.83	0.23	-0.000005	0.000005
2018-01-29T18:15:30.000000000Z	0.68	0.31	-20.000000	20.000000
2018-01-30T21:06:17.407798000Z	0.72	0.34	-0.000005	0.000005
2018-01-31T18:23:30.000000000Z	0.49	0.61	-20.000000	20.000000
2018-01-31T23:15:50.000000000Z	0.56	0.42	-20.000000	20.000000
2018-01-31T23:18:50.000000000Z	0.67	0.87	-20.000000	20.000000
2018-01-31T23:29:30.000000000Z	1.10	0.30	-20.000000	20.000000
2018-02-01T10:00:43.000000000Z	1.02	0.20	-0.000005	0.000005
2018-02-01T14:19:30.000000000Z	0.66	0.40	-20.000000	20.000000
2018-02-01T14:21:50.000000000Z	0.79	0.14	-20.000000	20.000000
2018-02-01T14:27:50.000000000Z	0.41	0.53	-20.000000	20.000000
2018-02-01T14:29:30.000000000Z	0.89	0.25	-20.000000	20.000000
2018-02-01T14:39:50.000000000Z	0.45	0.44	-20.000000	20.000000
2018-02-02T10:24:08.633315500Z	0.50	0.26	-0.000005	0.000005
2018-02-03T13:53:06.336202500Z	0.46	0.45	-0.000005	0.000005
2018-02-03T19:26:30.000000000Z	0.46	0.44	-20.000000	20.000000
2018-02-04T05:44:43.000000000Z	0.86	0.22	-0.000005	0.000005
2018-02-04T09:09:30.000000000Z	0.75	0.28	-20.000000	20.000000
2018-02-04T09:33:10.000000000Z	0.51	0.14	-20.000000	20.000000
2018-02-04T09:40:30.000000000Z	0.65	0.37	-20.000000	20.000000
2018-02-05T07:20:12.893244500Z	0.48	0.07	-0.000005	0.000005
2018-02-06T09:11:31.748978500Z	0.42	0.41	-0.000005	0.000005
2018-02-06T12:54:50.000000000Z	0.96	-0.01	-20.000000	20.000000
2018-02-06T12:59:30.000000000Z	0.46	0.46	-20.000000	20.000000
2018-02-06T13:32:50.000000000Z	1.10	0.52	-20.000000	20.000000
2018-02-07T01:45:23.000000000Z	0.87	0.22	-0.000005	0.000005
2018-02-07T06:50:50.000000000Z	0.32	0.41	-20.000000	20.000000
2018-02-08T04:01:14.050450000Z	0.73	0.22	-0.000005	0.000005
2018-02-09T05:05:57.379897000Z	0.57	0.75	-0.000005	0.000005
2018-02-09T09:17:50.000000000Z	1.06	0.45	-20.000000	20.000000
2018-02-09T21:27:43.000000000Z	0.74	0.27	-0.000005	0.000005
2018-02-10T01:01:10.000000000Z	0.78	0.19	-20.000000	20.000000
2018-02-11T01:23:58.058022000Z	0.37	0.26	-0.000005	0.000005
2018-02-12T00:42:11.216308000Z	0.55	0.48	-0.000005	0.000005
2018-02-12T05:31:10.000000000Z	0.49	0.57	-20.000000	20.000000
2018-02-12T05:35:10.000000000Z	0.41	0.34	-20.000000	20.000000
2018-02-12T05:45:50.000000000Z	0.66	0.70	-20.000000	20.000000
2018-02-12T05:52:10.000000000Z	0.45	0.36	-20.000000	20.000000
2018-02-12T06:04:10.000000000Z	0.74	0.61	-20.000000	20.000000
2018-02-12T06:12:30.000000000Z	0.45	0.36	-20.000000	20.000000
2018-02-12T06:14:30.000000000Z	0.54	0.41	-20.000000	20.000000
2018-02-12T17:22:23.000000000Z	0.71	0.29	-0.000005	0.000005
2018-02-12T20:02:30.000000000Z	0.67	0.29	-20.000000	20.000000
2018-02-13T22:18:01.967184000Z	0.31	0.38	-0.000005	0.000005
2018-02-14T20:14:00.332076000Z	0.41	0.45	-0.000005	0.000005
2018-02-14T23:46:50.000000000Z	0.44	0.49	-20.000000	20.000000
2018-02-15T13:07:53.000000000Z	0.52	0.51	-0.000005	0.000005
2018-02-15T14:41:30.000000000Z	0.89	0.14	-20.000000	20.000000
2018-02-15T14:57:30.000000000Z	0.62	0.78	-20.000000	20.000000
2018-02-15T15:01:50.000000000Z	0.87	0.16	-20.000000	20.000000
2018-02-15T15:08:10.000000000Z	0.77	0.67	-20.000000	20.000000
2018-02-15T15:12:30.000000000Z	0.78	0.18	-20.000000	20.000000
2018-02-16T18:43:05.921074000Z	0.27	0.45	-0.000005	0.000005
2018-02-17T15:42:03.837839000Z	0.53	1.01	-0.000005	0.000005
2018-02-17T20:18:10.000000000Z	1.15	0.32	-20.000000	20.000000
2018-02-17T20:21:50.000000000Z	0.53	0.96	-20.000000	20.000000
2018-02-17T20:24:50.000000000Z	0.75	0.58	-20.000000	20.000000
2018-02-17T20:31:10.000000000Z	0.38	0.81	-20.000000	20.000000
2018-02-17T21:12:10.000000000Z	0.71	0.51	-20.000000	20.000000
2018-02-17T21:15:50.000000000Z	0.47	0.86	-20.000000	20.000000
2018-02-17T21:38:10.000000000Z	1.05	0.38	-20.000000	20.000000
2018-02-18T08:40:33.000000000Z	0.73	0.04	-0.000005	0.000005
2018-02-18T13:21:50.000000000Z	-0.15	0.46	-20.000000	20.000000
2018-02-18T13:25:10.000000000Z	0.54	0.43	-20.000000	20.000000
2018-02-18T13:32:10.000000000Z	-0.28	0.54	-20.000000	20.000000
2018-02-18T13:45:50.000000000Z	0.51	0.43	-20.000000	20.000000
2018-02-18T13:47:30.000000000Z	-0.38	0.08	-20.000000	20.000000
2018-02-18T13:53:10.000000000Z	0.59	0.54	-20.000000	20.000000
2018-02-18T13:57:50.000000000Z	0.33	0.14	-20.000000	20.000000
2018-02-18T13:59:30.000000000Z	0.54	-0.13	-20.000000	20.000000
2018-02-18T14:11:30.000000000Z	-0.46	0.37	-20.000000	20.000000
2018-02-19T13:38:08.752618000Z	-0.40	0.18	-0.000005	0.000005
2018-02-20T11:06:21.038702000Z	0.36	0.62	-0.000005	0.000005
2018-02-20T11:52:50.000000000Z	0.67	0.61	-20.000000	20.000000
2018-02-20T11:54:30.000000000Z	0.33	0.65	-20.000000	20.000000
2018-02-20T12:25:50.000000000Z	0.39	0.49	-20.000000	20.000000
2018-02-20T12:27:30.000000000Z	0.31	0.59	-20.000000	20.000000
2018-02-20T13:42:50.000000000Z	0.82	0.75	-20.000000	20.000000
2018-02-20T13:45:50.000000000Z	0.29	0.52	-20.000000	20.000000
2018-02-20T13:53:30.000000000Z	0.43	0.37	-20.000000	20.000000
2018-02-20T14:15:30.000000000Z	0.31	0.46	-20.000000	20.000000
2018-02-20T14:21:10.000000000Z	0.37	0.52	-20.000000	20.000000
2018-02-20T14:28:50.000000000Z	0.15	0.48	-20.000000	20.000000
2018-02-20T14:37:30.000000000Z	0.68	0.58	-20.000000	20.000000
2018-02-21T04:09:53.000000000Z	0.89	0.15	-0.000005	0.000005
2018-02-21T09:43:10.000000000Z	0.38	0.20	-20.000000	20.000000
2018-02-21T11:34:50.000000000Z	0.52	0.12	-20.000000	20.000000
2018-02-21T11:36:30.000000000Z	0.31	0.28	-20.000000	20.000000
2018-02-22T10:22:14.356653000Z	0.61	0.19	-0.000005	0.000005
2018-02-23T06:27:11.578573000Z	0.22	0.68	-0.000005	0.000005
2018-02-23T12:11:10.000000000Z	1.07	0.36	-20.000000	20.000000
2018-02-23T23:52:53.000000000Z	0.92	0.01	-0.000005	0.000005
2018-02-24T04:54:50.000000000Z	0.46	-0.00	-20.000000	20.000000
2018-02-24T04:56:50.000000000Z	0.61	0.28	-20.000000	20.000000
2018-02-24T05:13:30.000000000Z	0.12	0.94	-20.000000	20.000000
2018-02-24T05:16:10.000000000Z	0.76	0.16	-20.000000	20.000000
2018-02-24T06:11:30.000000000Z	-0.09	0.10	-20.000000	20.000000
2018-02-25T04:45:08.835886500Z	0.18	0.44	-0.000005	0.000005
2018-02-26T02:00:20.294219500Z	0.14	0.56	-0.000005	0.000005
2018-02-26T07:08:50.000000000Z	0.26	0.27	-20.000000	20.000000
2018-02-26T19:39:53.000000000Z	1.06	0.20	-0.000005	0.000005
2018-02-26T23:38:10.000000000Z	0.41	0.14	-20.000000	20.000000
2018-02-26T23:43:50.000000000Z	1.09	0.45	-20.000000	20.000000
2018-02-27T00:07:10.000000000Z	0.42	0.07	-20.000000	20.000000
2018-02-28T03:38:09.373782500Z	-0.20	0.39	-0.000005	0.000005
2018-02-28T21:27:05.535844500Z	0.36	0.65	-0.000005	0.000005
2018-03-01T01:19:10.000000000Z	0.73	0.60	-20.000000	20.000000
2018-03-01T01:29:30.000000000Z	0.20	0.83	-20.000000	20.000000
2018-03-01T01:42:10.000000000Z	0.59	0.35	-20.000000	20.000000
2018-03-01T15:32:53.000000000Z	0.93	-0.05	-0.000005	0.000005
2018-03-01T21:33:10.000000000Z	0.26	0.02	-20.000000	20.000000
2018-03-01T21:35:50.000000000Z	0.91	0.06	-20.000000	20.000000
2018-03-01T21:43:30.000000000Z	0.23	0.24	-20.000000	20.000000
2018-03-02T22:46:19.916679500Z	0.24	0.23	-0.000005	0.000005
2018-03-03T16:47:07.218052500Z	0.27	0.54	-0.000005	0.000005
2018-03-04T00:43:30.000000000Z	0.37	-0.01	-20.000000	20.000000
2018-03-04T11:22:53.000000000Z	0.84	0.14	-0.000005	0.000005
2018-03-04T16:18:50.000000000Z	0.22	0.35	-20.000000	20.000000
2018-03-04T16:32:50.000000000Z	0.87	0.20	-20.000000	20.000000
2018-03-04T16:44:10.000000000Z	0.20	0.21	-20.000000	20.000000
2018-03-04T16:46:10.000000000Z	0.98	0.16	-20.000000	20.000000
2018-03-04T16:55:10.000000000Z	0.28	0.27	-20.000000	20.000000
2018-03-04T17:07:10.000000000Z	0.81	0.23	-20.000000	20.000000
2018-03-04T17:21:10.000000000Z	0.31	0.16	-20.000000	20.000000
2018-03-05T16:58:15.076146000Z	0.29	0.33	-0.000005	0.000005
2018-03-06T12:11:14.677054000Z	0.35	0.52	-0.000005	0.000005
2018-03-06T17:08:10.000000000Z	0.87	0.74	-20.000000	20.000000
2018-03-07T07:08:53.000000000Z	0.55	0.34	-0.000005	0.000005
2018-03-07T14:28:10.000000000Z	0.21	0.09	-20.000000	20.000000
2018-03-07T14:37:50.000000000Z	0.34	-0.22	-20.000000	20.000000
2018-03-07T14:42:50.000000000Z	0.15	0.25	-20.000000	20.000000
2018-03-08T15:12:14.655710500Z	0.29	0.37	-0.000005	0.000005
2018-03-09T07:30:14.718752500Z	0.18	0.53	-0.000005	0.000005
2018-03-09T11:05:50.000000000Z	0.57	0.68	-20.000000	20.000000
2018-03-10T02:48:53.000000000Z	1.20	-0.77	-0.000005	0.000005
2018-03-10T07:36:50.000000000Z	0.11	0.18	-20.000000	20.000000
2018-03-10T07:45:30.000000000Z	1.14	-0.09	-20.000000	20.000000
2018-03-10T09:03:10.000000000Z	0.08	-0.06	-20.000000	20.000000
2018-03-10T09:12:10.000000000Z	1.04	-1.21	-20.000000	20.000000
2018-03-10T09:14:30.000000000Z	0.35	0.03	-20.000000	20.000000
2018-03-10T09:17:30.000000000Z	1.15	0.07	-20.000000	20.000000
2018-03-10T09:19:10.000000000Z	0.14	-0.33	-20.000000	20.000000
2018-03-10T09:24:50.000000000Z	1.00	-0.07	-20.000000	20.000000
2018-03-10T10:11:10.000000000Z	0.13	0.24	-20.000000	20.000000
2018-03-11T07:51:12.921559500Z	-0.00	0.17	-0.000005	0.000005
2018-03-12T03:03:17.886193500Z	0.36	0.80	-0.000005	0.000005
2018-03-12T07:46:50.000000000Z	0.58	0.45	-20.000000	20.000000
2018-03-12T07:59:50.000000000Z	0.29	0.87	-20.000000	20.000000
2018-03-12T08:43:50.000000000Z	0.76	0.48	-20.000000	20.000000
