% galactic noise
% log10(f[MHz]) log10(Brightness[W/m2 Hz sr])
       -0.863864      -22.828025
         -0.711712      -22.573248
         -0.591592      -22.127389
         -0.419419      -21.235669
         -0.211211      -20.624204
         0.053053      -20.216561
         0.281281      -19.980892
         0.517518      -19.891720
         0.809810      -19.961783
         1.086086      -20.082803
         1.366366      -20.267516
         1.794795      -20.503185
         2.671672      -21.076433
         3.308308      -21.560510