   0.0000000e+00   2.8400412e+01
   1.5625000e-02   6.8657591e+00
   3.1250000e-02   1.0488058e-01
   4.6875000e-02   1.3465330e-01
   6.2500000e-02   7.9189321e-02
   7.8125000e-02   2.2598877e-02
   9.3750000e-02   2.8037925e-02
   1.0937500e-01   2.3505295e-02
   1.2500000e-01   2.1364800e-02
   1.4062500e-01   2.2978198e-02
   1.5625000e-01   2.1519373e-02
   1.7187500e-01   6.0929608e-03
   1.8750000e-01   2.7717506e-02
   2.0312500e-01   1.9471026e-01
   2.1875000e-01   9.2740102e-02
   2.3437500e-01   4.5670859e-03
   2.5000000e-01   3.9218410e-03
   2.6562500e-01   3.7089948e-03
   2.8125000e-01   4.4025036e-03
   2.9687500e-01   3.4623297e-03
   3.1250000e-01   3.5239419e-03
   3.2812500e-01   2.5510345e-03
   3.4375000e-01   2.0262558e-03
   3.5937500e-01   1.4140934e-03
   3.7500000e-01   1.3689175e-03
   3.9062500e-01   1.7134046e-03
   4.0625000e-01   1.2001578e-02
   4.2187500e-01   1.1375721e-02
   4.3750000e-01   2.0251668e-03
   4.5312500e-01   1.2394200e-03
   4.6875000e-01   8.8923193e-04
   4.8437500e-01   8.3543123e-04
   5.0000000e-01   8.1478149e-04
   5.1562500e-01   6.0944971e-04
   5.3125000e-01   6.6559389e-04
   5.4687500e-01   3.3080245e-04
   5.6250000e-01   3.5680277e-04
   5.7812500e-01   5.4133756e-04
   5.9375000e-01   7.0602008e-04
   6.0937500e-01   4.3467811e-03
   6.2500000e-01   5.6092040e-03
   6.4062500e-01   8.0850281e-04
   6.5625000e-01   3.3446210e-04
   6.7187500e-01   3.4011422e-04
   6.8750000e-01   3.3410748e-04
   7.0312500e-01   2.8309508e-04
   7.1875000e-01   2.9173577e-04
   7.3437500e-01   2.2787190e-04
   7.5000000e-01   2.0834124e-04
   7.6562500e-01   1.5854621e-04
   7.8125000e-01   1.9421224e-04
   7.9687500e-01   1.4098825e-04
   8.1250000e-01   7.6284633e-04
   8.2812500e-01   1.7219626e-03
   8.4375000e-01   3.7057061e-04
   8.5937500e-01   1.6735561e-04
   8.7500000e-01   1.5231731e-04
   8.9062500e-01   1.9493859e-04
   9.0625000e-01   1.8977323e-04
   9.2187500e-01   1.4386523e-04
   9.3750000e-01   1.6930903e-04
   9.5312500e-01   1.1632216e-04
   9.6875000e-01   1.1952611e-04
   9.8437500e-01   1.2822769e-04
   1.0000000e+00   1.2363364e-04
   1.0156250e+00   2.6226011e-04
   1.0312500e+00   1.5620095e-03
   1.0468750e+00   6.1575434e-04
   1.0625000e+00   1.4299870e-04
   1.0781250e+00   2.1476811e-04
   1.0937500e+00   1.8291904e-04
   1.1093750e+00   1.0004705e-04
   1.1250000e+00   1.4148451e-04
   1.1406250e+00   1.1927120e-04
   1.1562500e+00   1.0131481e-04
   1.1718750e+00   7.4611021e-05
   1.1875000e+00   9.3250234e-05
   1.2031250e+00   6.3502233e-05
   1.2187500e+00   1.1581267e-04
   1.2343750e+00   3.2076857e-04
   1.2500000e+00   2.6038816e-04
   1.2656250e+00   1.2525364e-04
   1.2812500e+00   6.9634642e-05
   1.2968750e+00   6.1083130e-05
   1.3125000e+00   7.7839463e-05
   1.3281250e+00   5.7637589e-05
   1.3437500e+00   4.8414015e-05
   1.3593750e+00   4.7033443e-05
   1.3750000e+00   5.4088089e-05
   1.3906250e+00   3.5699654e-05
   1.4062500e+00   5.9408054e-05
   1.4218750e+00   8.3176637e-05
   1.4375000e+00   4.5418880e-04
   1.4531250e+00   4.9071334e-04
   1.4687500e+00   9.1133687e-05
   1.4843750e+00   4.6400297e-05
   1.5000000e+00   5.5031915e-05
   1.5156250e+00   4.9382537e-05
   1.5312500e+00   6.0668577e-05
   1.5468750e+00   4.2981411e-05
   1.5625000e+00   4.8827612e-05
   1.5781250e+00   5.9447279e-05
   1.5937500e+00   5.8593824e-05
   1.6093750e+00   3.4559829e-05
   1.6250000e+00   4.2826693e-05
   1.6406250e+00   9.4157381e-05
   1.6562500e+00   1.3878792e-04
   1.6718750e+00   7.1948187e-05
   1.6875000e+00   4.1317036e-05
   1.7031250e+00   2.9402136e-05
   1.7187500e+00   4.5088894e-05
   1.7343750e+00   6.2603796e-05
   1.7500000e+00   5.4488361e-05
   1.7656250e+00   4.1098216e-05
   1.7812500e+00   3.6524157e-05
   1.7968750e+00   3.3524678e-05
   1.8125000e+00   4.3584934e-05
   1.8281250e+00   3.9968900e-05
   1.8437500e+00   6.8460829e-05
   1.8593750e+00   2.1745971e-04
   1.8750000e+00   1.2241108e-04
   1.8906250e+00   5.7379978e-05
   1.9062500e+00   4.3725690e-05
   1.9218750e+00   2.7033558e-05
   1.9375000e+00   3.8288174e-05
   1.9531250e+00   4.3657588e-05
   1.9687500e+00   4.2739701e-05
   1.9843750e+00   4.6978452e-05
   2.0000000e+00   4.5190512e-05
   2.0156250e+00   4.1495734e-05
   2.0312500e+00   4.9121234e-05
   2.0468750e+00   2.8019261e-05
   2.0625000e+00   4.5309361e-05
   2.0781250e+00   3.1466340e-05
   2.0937500e+00   3.6202150e-05
   2.1093750e+00   3.4934799e-05
   2.1250000e+00   2.9107841e-05
   2.1406250e+00   2.2036026e-05
   2.1562500e+00   2.1243409e-05
   2.1718750e+00   2.9684425e-05
   2.1875000e+00   2.6824287e-05
   2.2031250e+00   2.7457928e-05
   2.2187500e+00   2.9623109e-05
   2.2343750e+00   2.4612100e-05
   2.2500000e+00   2.0985589e-05
   2.2656250e+00   7.6492522e-05
   2.2812500e+00   7.4602418e-05
   2.2968750e+00   3.0045196e-05
   2.3125000e+00   2.2822230e-05
   2.3281250e+00   2.5177254e-05
   2.3437500e+00   2.7288365e-05
   2.3593750e+00   2.1465882e-05
   2.3750000e+00   1.7217389e-05
   2.3906250e+00   1.6579769e-05
   2.4062500e+00   1.6032434e-05
   2.4218750e+00   2.3762311e-05
   2.4375000e+00   2.3541609e-05
   2.4531250e+00   2.0117378e-05
   2.4687500e+00   4.4895353e-05
   2.4843750e+00   5.2241773e-05
   2.5000000e+00   2.1285878e-05
   2.5156250e+00   1.3278949e-05
   2.5312500e+00   1.7360895e-05
   2.5468750e+00   1.8377700e-05
   2.5625000e+00   1.9694474e-05
   2.5781250e+00   2.1108704e-05
   2.5937500e+00   2.3747982e-05
   2.6093750e+00   1.9635686e-05
   2.6250000e+00   1.5521660e-05
   2.6406250e+00   1.6628973e-05
   2.6562500e+00   1.1596747e-05
   2.6718750e+00   1.6118914e-05
   2.6875000e+00   3.5162778e-05
   2.7031250e+00   1.9953379e-05
   2.7187500e+00   1.7039002e-05
   2.7343750e+00   1.6089872e-05
   2.7500000e+00   1.7128817e-05
   2.7656250e+00   1.0823354e-05
   2.7812500e+00   1.4901095e-05
   2.7968750e+00   2.0184905e-05
   2.8125000e+00   1.3742589e-05
   2.8281250e+00   1.4527201e-05
   2.8437500e+00   1.8426493e-05
   2.8593750e+00   1.0942070e-05
   2.8750000e+00   1.1978570e-05
   2.8906250e+00   3.2831138e-05
   2.9062500e+00   2.3764756e-05
   2.9218750e+00   1.6987758e-05
   2.9375000e+00   1.6269852e-05
   2.9531250e+00   1.4312650e-05
   2.9687500e+00   9.5516177e-06
   2.9843750e+00   9.2915646e-06
   3.0000000e+00   1.4085983e-05
   3.0156250e+00   1.4893121e-05
   3.0312500e+00   9.6401150e-06
   3.0468750e+00   9.5715140e-06
   3.0625000e+00   1.1669197e-05
   3.0781250e+00   1.8630200e-05
   3.0937500e+00   1.8653764e-05
   3.1093750e+00   2.1207971e-05
   3.1250000e+00   1.1373583e-05
   3.1406250e+00   7.6639113e-06
   3.1562500e+00   7.9032048e-06
   3.1718750e+00   6.3442867e-06
   3.1875000e+00   6.2822181e-06
   3.2031250e+00   1.0586690e-05
   3.2187500e+00   1.7516896e-05
   3.2343750e+00   1.5009919e-05
   3.2500000e+00   1.3242195e-05
   3.2656250e+00   1.0573153e-05
   3.2812500e+00   1.1259179e-05
   3.2968750e+00   1.4228912e-05
   3.3125000e+00   1.2640167e-05
   3.3281250e+00   9.8133106e-06
   3.3437500e+00   8.7546835e-06
   3.3593750e+00   9.3477089e-06
   3.3750000e+00   1.0059108e-05
   3.3906250e+00   8.4860736e-06
   3.4062500e+00   1.1886286e-05
   3.4218750e+00   1.0043650e-05
   3.4375000e+00   8.0823113e-06
   3.4531250e+00   8.0214083e-06
   3.4687500e+00   1.1897512e-05
   3.4843750e+00   9.3418282e-06
   3.5000000e+00   1.3274351e-05
   3.5156250e+00   1.4052052e-05
   3.5312500e+00   1.0661488e-05
   3.5468750e+00   1.1519725e-05
   3.5625000e+00   9.6978423e-06
   3.5781250e+00   7.8079231e-06
   3.5937500e+00   6.4318825e-06
   3.6093750e+00   7.8480852e-06
   3.6250000e+00   1.1927187e-05
   3.6406250e+00   8.3510756e-06
   3.6562500e+00   7.6521370e-06
   3.6718750e+00   8.0481340e-06
   3.6875000e+00   1.0213633e-05
   3.7031250e+00   5.6938926e-06
   3.7187500e+00   9.7424965e-06
   3.7343750e+00   1.3219021e-05
   3.7500000e+00   1.3564787e-05
   3.7656250e+00   1.0171822e-05
   3.7812500e+00   8.8616202e-06
   3.7968750e+00   1.0336937e-05
   3.8125000e+00   9.2665364e-06
   3.8281250e+00   7.0144125e-06
   3.8437500e+00   9.6516951e-06
   3.8593750e+00   6.5808336e-06
   3.8750000e+00   7.9285243e-06
   3.8906250e+00   6.4547474e-06
   3.9062500e+00   1.0068439e-05
   3.9218750e+00   1.2832895e-05
   3.9375000e+00   9.2066323e-06
   3.9531250e+00   9.1557536e-06
   3.9687500e+00   8.0739282e-06
   3.9843750e+00   7.7682329e-06
   4.0000000e+00   7.1035849e-06
   4.0156250e+00   6.9020411e-06
   4.0312500e+00   7.6705746e-06
   4.0468750e+00   4.6842929e-06
   4.0625000e+00   7.8982657e-06
   4.0781250e+00   1.0041545e-05
   4.0937500e+00   7.3585983e-06
   4.1093750e+00   1.0094491e-05
   4.1250000e+00   1.4848088e-05
   4.1406250e+00   1.0548242e-05
   4.1562500e+00   7.6088955e-06
   4.1718750e+00   8.3142702e-06
   4.1875000e+00   1.1235452e-05
   4.2031250e+00   9.4656344e-06
   4.2187500e+00   7.8748565e-06
   4.2343750e+00   6.5341870e-06
   4.2500000e+00   5.1401515e-06
   4.2656250e+00   5.8381489e-06
   4.2812500e+00   7.0739807e-06
   4.2968750e+00   6.0371613e-06
   4.3125000e+00   5.2272766e-06
   4.3281250e+00   7.9816987e-06
   4.3437500e+00   6.9935594e-06
   4.3593750e+00   9.0701068e-06
   4.3750000e+00   9.6684676e-06
   4.3906250e+00   5.9451888e-06
   4.4062500e+00   6.5785989e-06
   4.4218750e+00   7.8111374e-06
   4.4375000e+00   8.2264652e-06
   4.4531250e+00   6.7790667e-06
   4.4687500e+00   8.1319368e-06
   4.4843750e+00   6.3679044e-06
   4.5000000e+00   5.6773872e-06
   4.5156250e+00   7.8904277e-06
   4.5312500e+00   5.8768988e-06
   4.5468750e+00   5.1985720e-06
   4.5625000e+00   5.1740633e-06
   4.5781250e+00   5.4165632e-06
   4.5937500e+00   6.4882466e-06
   4.6093750e+00   6.6323820e-06
   4.6250000e+00   4.2059356e-06
   4.6406250e+00   5.2319234e-06
   4.6562500e+00   7.0789521e-06
   4.6718750e+00   7.2015183e-06
   4.6875000e+00   7.8378798e-06
   4.7031250e+00   3.3804873e-06
   4.7187500e+00   6.2652264e-06
   4.7343750e+00   8.0427075e-06
   4.7500000e+00   5.4099891e-06
   4.7656250e+00   4.3472049e-06
   4.7812500e+00   4.1914870e-06
   4.7968750e+00   5.0948832e-06
   4.8125000e+00   8.1064476e-06
   4.8281250e+00   1.0919367e-05
   4.8437500e+00   5.5249128e-06
   4.8593750e+00   4.4252048e-06
   4.8750000e+00   4.5009825e-06
   4.8906250e+00   4.2774507e-06
   4.9062500e+00   5.0433988e-06
   4.9218750e+00   3.5768110e-06
   4.9375000e+00   5.6099567e-06
   4.9531250e+00   7.0560162e-06
   4.9687500e+00   6.6439345e-06
   4.9843750e+00   6.2284861e-06
   5.0000000e+00   6.8434431e-06
   5.0156250e+00   6.3280469e-06
   5.0312500e+00   5.8916223e-06
   5.0468750e+00   6.1006050e-06
   5.0625000e+00   1.0637453e-05
   5.0781250e+00   1.2692092e-05
   5.0937500e+00   6.7480810e-06
   5.1093750e+00   5.5584456e-06
   5.1250000e+00   6.7860016e-06
   5.1406250e+00   6.3571623e-06
   5.1562500e+00   5.8768748e-06
   5.1718750e+00   6.3859222e-06
   5.1875000e+00   6.2280110e-06
   5.2031250e+00   4.2211777e-06
   5.2187500e+00   6.6617206e-06
   5.2343750e+00   8.4546920e-06
   5.2500000e+00   5.6777422e-06
   5.2656250e+00   3.0362133e-06
   5.2812500e+00   3.8280193e-06
   5.2968750e+00   4.4793909e-06
   5.3125000e+00   5.0726164e-06
   5.3281250e+00   4.6291321e-06
   5.3437500e+00   8.1183809e-06
   5.3593750e+00   7.8608828e-06
   5.3750000e+00   5.1336254e-06
   5.3906250e+00   6.3645468e-06
   5.4062500e+00   5.3680866e-06
   5.4218750e+00   5.0317463e-06
   5.4375000e+00   7.1698370e-06
   5.4531250e+00   5.1386114e-06
   5.4687500e+00   5.3910683e-06
   5.4843750e+00   5.2539792e-06
   5.5000000e+00   5.3339958e-06
   5.5156250e+00   4.8295121e-06
   5.5312500e+00   5.6238569e-06
   5.5468750e+00   4.6298587e-06
   5.5625000e+00   4.6470173e-06
   5.5781250e+00   6.1082175e-06
   5.5937500e+00   4.9451944e-06
   5.6093750e+00   5.3056076e-06
   5.6250000e+00   5.2948319e-06
   5.6406250e+00   4.3373643e-06
   5.6562500e+00   5.3729912e-06
   5.6718750e+00   7.6858373e-06
   5.6875000e+00   5.6662318e-06
   5.7031250e+00   4.2976086e-06
   5.7187500e+00   2.9642958e-06
   5.7343750e+00   3.9681359e-06
   5.7500000e+00   3.0513710e-06
   5.7656250e+00   4.7831023e-06
   5.7812500e+00   5.1172775e-06
   5.7968750e+00   4.9222768e-06
   5.8125000e+00   3.2996134e-06
   5.8281250e+00   2.5511755e-06
   5.8437500e+00   2.3326810e-06
   5.8593750e+00   4.1877963e-06
   5.8750000e+00   5.7924313e-06
   5.8906250e+00   5.7370186e-06
   5.9062500e+00   5.0478846e-06
   5.9218750e+00   4.2236517e-06
   5.9375000e+00   3.8873133e-06
   5.9531250e+00   2.0878006e-06
   5.9687500e+00   2.7832073e-06
   5.9843750e+00   4.4387864e-06
   6.0000000e+00   2.9477664e-06
   6.0156250e+00   3.1848497e-06
   6.0312500e+00   4.5437830e-06
   6.0468750e+00   6.2215193e-06
   6.0625000e+00   5.6165122e-06
   6.0781250e+00   5.7854343e-06
   6.0937500e+00   4.3837677e-06
   6.1093750e+00   3.3909053e-06
   6.1250000e+00   4.2803415e-06
   6.1406250e+00   4.1090771e-06
   6.1562500e+00   6.3531262e-06
   6.1718750e+00   8.5543204e-06
   6.1875000e+00   4.4246110e-06
   6.2031250e+00   4.8273270e-06
   6.2187500e+00   5.1847069e-06
   6.2343750e+00   3.4245911e-06
   6.2500000e+00   2.6172937e-06
   6.2656250e+00   2.8435894e-06
   6.2812500e+00   3.4460370e-06
   6.2968750e+00   4.2254910e-06
   6.3125000e+00   6.4150070e-06
   6.3281250e+00   5.2072356e-06
   6.3437500e+00   3.4591517e-06
   6.3593750e+00   3.4260596e-06
   6.3750000e+00   3.4856444e-06
   6.3906250e+00   3.7802040e-06
   6.4062500e+00   4.4109643e-06
   6.4218750e+00   3.5923522e-06
   6.4375000e+00   3.4778094e-06
   6.4531250e+00   4.1861402e-06
   6.4687500e+00   4.5616767e-06
   6.4843750e+00   5.9006014e-06
   6.5000000e+00   3.0745082e-06
   6.5156250e+00   3.0982631e-06
   6.5312500e+00   5.5658905e-06
   6.5468750e+00   5.4039714e-06
   6.5625000e+00   4.6280505e-06
   6.5781250e+00   3.8195612e-06
   6.5937500e+00   2.6890681e-06
   6.6093750e+00   4.4944422e-06
   6.6250000e+00   3.9555333e-06
   6.6406250e+00   3.4584953e-06
   6.6562500e+00   4.2744934e-06
   6.6718750e+00   6.7737016e-06
   6.6875000e+00   5.4695134e-06
   6.7031250e+00   4.3875689e-06
   6.7187500e+00   2.7195785e-06
   6.7343750e+00   3.0044563e-06
   6.7500000e+00   3.4932403e-06
   6.7656250e+00   3.0587789e-06
   6.7812500e+00   4.0910715e-06
   6.7968750e+00   4.1870586e-06
   6.8125000e+00   5.4998283e-06
   6.8281250e+00   4.2813045e-06
   6.8437500e+00   3.8604400e-06
   6.8593750e+00   3.5465949e-06
   6.8750000e+00   3.6305286e-06
   6.8906250e+00   2.7093165e-06
   6.9062500e+00   2.0595562e-06
   6.9218750e+00   3.7227914e-06
   6.9375000e+00   3.1291306e-06
   6.9531250e+00   3.0591994e-06
   6.9687500e+00   4.2639378e-06
   6.9843750e+00   3.5226708e-06
   7.0000000e+00   3.7282315e-06
   7.0156250e+00   3.0315325e-06
   7.0312500e+00   2.4888355e-06
   7.0468750e+00   3.7104172e-06
   7.0625000e+00   6.8455758e-06
   7.0781250e+00   6.9299026e-06
   7.0937500e+00   6.0949485e-06
   7.1093750e+00   5.4784184e-06
   7.1250000e+00   3.7116942e-06
   7.1406250e+00   4.4889233e-06
   7.1562500e+00   4.4218394e-06
   7.1718750e+00   5.1070967e-06
   7.1875000e+00   5.2748382e-06
   7.2031250e+00   4.0323536e-06
   7.2187500e+00   4.0553391e-06
   7.2343750e+00   5.3399233e-06
   7.2500000e+00   4.5927049e-06
   7.2656250e+00   2.9716639e-06
   7.2812500e+00   4.3331606e-06
   7.2968750e+00   4.4422203e-06
   7.3125000e+00   4.9236566e-06
   7.3281250e+00   4.7361833e-06
   7.3437500e+00   4.4881063e-06
   7.3593750e+00   3.6921142e-06
   7.3750000e+00   3.2794283e-06
   7.3906250e+00   5.6744054e-06
   7.4062500e+00   5.1081402e-06
   7.4218750e+00   3.8345529e-06
   7.4375000e+00   2.6753754e-06
   7.4531250e+00   3.5053012e-06
   7.4687500e+00   2.1625126e-06
   7.4843750e+00   3.6458289e-06
   7.5000000e+00   3.3163684e-06
   7.5156250e+00   2.2683490e-06
   7.5312500e+00   2.8988720e-06
   7.5468750e+00   3.9392900e-06
   7.5625000e+00   3.8591478e-06
   7.5781250e+00   5.2838162e-06
   7.5937500e+00   4.4083073e-06
   7.6093750e+00   3.9661164e-06
   7.6250000e+00   4.5914944e-06
   7.6406250e+00   4.0353594e-06
   7.6562500e+00   4.9412412e-06
   7.6718750e+00   2.4803000e-06
   7.6875000e+00   2.0547656e-06
   7.7031250e+00   2.8210961e-06
   7.7187500e+00   3.2686337e-06
   7.7343750e+00   3.7400523e-06
   7.7500000e+00   4.9315508e-06
   7.7656250e+00   5.0589690e-06
   7.7812500e+00   6.8257658e-06
   7.7968750e+00   5.7104553e-06
   7.8125000e+00   5.5495900e-06
   7.8281250e+00   6.0307772e-06
   7.8437500e+00   4.3969200e-06
   7.8593750e+00   4.2090093e-06
   7.8750000e+00   2.9600041e-06
   7.8906250e+00   2.4716624e-06
   7.9062500e+00   3.4486627e-06
   7.9218750e+00   4.7451779e-06
   7.9375000e+00   5.8670075e-06
   7.9531250e+00   4.7544440e-06
   7.9687500e+00   5.3743648e-06
   7.9843750e+00   3.9165496e-06
   8.0000000e+00   2.6565197e-06
   8.0156250e+00   2.5914817e-06
   8.0312500e+00   3.9742644e-06
   8.0468750e+00   5.2730835e-06
   8.0625000e+00   4.9797584e-06
   8.0781250e+00   4.0140754e-06
   8.0937500e+00   1.9653050e-06
   8.1093750e+00   1.9632644e-06
   8.1250000e+00   4.6787308e-06
   8.1406250e+00   7.2059592e-06
   8.1562500e+00   4.6506835e-06
   8.1718750e+00   3.8114879e-06
   8.1875000e+00   5.3725431e-06
   8.2031250e+00   4.1073932e-06
   8.2187500e+00   4.0543825e-06
   8.2343750e+00   5.8702423e-06
   8.2500000e+00   4.4064221e-06
   8.2656250e+00   3.6603346e-06
   8.2812500e+00   2.6768401e-06
   8.2968750e+00   3.2893686e-06
   8.3125000e+00   3.6349218e-06
   8.3281250e+00   4.1726637e-06
   8.3437500e+00   4.1371301e-06
   8.3593750e+00   4.0632847e-06
   8.3750000e+00   2.4114920e-06
   8.3906250e+00   2.7475705e-06
   8.4062500e+00   4.4351711e-06
   8.4218750e+00   4.5455863e-06
   8.4375000e+00   4.7010524e-06
   8.4531250e+00   2.6685635e-06
   8.4687500e+00   2.1147083e-06
   8.4843750e+00   2.9129806e-06
   8.5000000e+00   3.1970316e-06
   8.5156250e+00   1.9255793e-06
   8.5312500e+00   3.0616024e-06
   8.5468750e+00   2.9181086e-06
   8.5625000e+00   3.1623805e-06
   8.5781250e+00   3.3133810e-06
   8.5937500e+00   3.7759647e-06
   8.6093750e+00   3.9762252e-06
   8.6250000e+00   4.6488150e-06
   8.6406250e+00   4.3425102e-06
   8.6562500e+00   3.4369039e-06
   8.6718750e+00   1.9858196e-06
   8.6875000e+00   2.8542860e-06
   8.7031250e+00   2.6360228e-06
   8.7187500e+00   2.3665520e-06
   8.7343750e+00   3.3341583e-06
   8.7500000e+00   2.5839503e-06
   8.7656250e+00   1.9232455e-06
   8.7812500e+00   2.1194284e-06
   8.7968750e+00   4.8627192e-06
   8.8125000e+00   3.9039495e-06
   8.8281250e+00   2.8316920e-06
   8.8437500e+00   3.9638561e-06
   8.8593750e+00   4.0786554e-06
   8.8750000e+00   3.4626470e-06
   8.8906250e+00   3.0921504e-06
   8.9062500e+00   2.5119461e-06
   8.9218750e+00   1.5831770e-06
   8.9375000e+00   2.6158239e-06
   8.9531250e+00   3.1459043e-06
   8.9687500e+00   2.4833192e-06
   8.9843750e+00   2.6019499e-06
   9.0000000e+00   2.8943048e-06
   9.0156250e+00   3.2964944e-06
   9.0312500e+00   3.9887011e-06
   9.0468750e+00   3.2886868e-06
   9.0625000e+00   1.4996309e-06
   9.0781250e+00   2.6945308e-06
   9.0937500e+00   3.2913218e-06
   9.1093750e+00   3.3336861e-06
   9.1250000e+00   2.6859061e-06
   9.1406250e+00   2.3432376e-06
   9.1562500e+00   2.1336594e-06
   9.1718750e+00   2.8598067e-06
   9.1875000e+00   2.3047068e-06
   9.2031250e+00   1.8588986e-06
   9.2187500e+00   1.8583517e-06
   9.2343750e+00   2.7835267e-06
   9.2500000e+00   4.2866123e-06
   9.2656250e+00   3.2462822e-06
   9.2812500e+00   2.2699776e-06
   9.2968750e+00   2.8670035e-06
   9.3125000e+00   4.4381356e-06
   9.3281250e+00   4.5721714e-06
   9.3437500e+00   3.4789806e-06
   9.3593750e+00   2.8858147e-06
   9.3750000e+00   3.5660302e-06
   9.3906250e+00   3.2066136e-06
   9.4062500e+00   3.0418027e-06
   9.4218750e+00   2.9615329e-06
   9.4375000e+00   2.4985161e-06
   9.4531250e+00   2.8751620e-06
   9.4687500e+00   2.8208029e-06
   9.4843750e+00   2.6098418e-06
   9.5000000e+00   1.8696455e-06
   9.5156250e+00   1.9741119e-06
   9.5312500e+00   1.9389430e-06
   9.5468750e+00   2.2564814e-06
   9.5625000e+00   1.8565895e-06
   9.5781250e+00   3.2660694e-06
   9.5937500e+00   2.2418382e-06
   9.6093750e+00   2.2647117e-06
   9.6250000e+00   3.6863894e-06
   9.6406250e+00   1.9935496e-06
   9.6562500e+00   2.3660216e-06
   9.6718750e+00   1.9944034e-06
   9.6875000e+00   1.2348602e-06
   9.7031250e+00   2.0295498e-06
   9.7187500e+00   3.6341956e-06
   9.7343750e+00   4.0003655e-06
   9.7500000e+00   3.8533157e-06
   9.7656250e+00   3.7076630e-06
   9.7812500e+00   3.6277675e-06
   9.7968750e+00   3.2243096e-06
   9.8125000e+00   2.0804922e-06
   9.8281250e+00   2.5089681e-06
   9.8437500e+00   2.2865349e-06
   9.8593750e+00   2.3006612e-06
   9.8750000e+00   2.8315636e-06
   9.8906250e+00   2.5578622e-06
   9.9062500e+00   2.9978059e-06
   9.9218750e+00   3.3477698e-06
   9.9375000e+00   2.4295223e-06
   9.9531250e+00   1.5262447e-06
   9.9687500e+00   2.3274405e-06
   9.9843750e+00   1.7225234e-06
   1.0000000e+01   1.7020933e-06
   1.0015625e+01   3.4458907e-06
   1.0031250e+01   4.4883708e-06
   1.0046875e+01   3.0133510e-06
   1.0062500e+01   2.4545736e-06
   1.0078125e+01   2.0677829e-06
   1.0093750e+01   2.8282526e-06
   1.0109375e+01   1.8573775e-06
   1.0125000e+01   1.7579677e-06
   1.0140625e+01   2.1063672e-06
   1.0156250e+01   2.4767286e-06
   1.0171875e+01   2.4453159e-06
   1.0187500e+01   3.7584740e-06
   1.0203125e+01   3.9251017e-06
   1.0218750e+01   2.8584993e-06
   1.0234375e+01   2.1491652e-06
   1.0250000e+01   1.5966848e-06
   1.0265625e+01   3.0013463e-06
   1.0281250e+01   2.8810917e-06
   1.0296875e+01   2.4782399e-06
   1.0312500e+01   2.2751047e-06
   1.0328125e+01   2.9575827e-06
   1.0343750e+01   2.7723902e-06
   1.0359375e+01   1.4603295e-06
   1.0375000e+01   1.8464010e-06
   1.0390625e+01   2.3664962e-06
   1.0406250e+01   3.3697569e-06
   1.0421875e+01   2.6028242e-06
   1.0437500e+01   2.1720888e-06
   1.0453125e+01   1.7991997e-06
   1.0468750e+01   1.9968360e-06
   1.0484375e+01   1.1317736e-06
   1.0500000e+01   1.8735705e-06
   1.0515625e+01   2.0141906e-06
   1.0531250e+01   3.2641457e-06
   1.0546875e+01   2.6298933e-06
   1.0562500e+01   3.2819505e-06
   1.0578125e+01   3.7938458e-06
   1.0593750e+01   2.8089067e-06
   1.0609375e+01   2.5548029e-06
   1.0625000e+01   4.0154072e-06
   1.0640625e+01   2.3707560e-06
   1.0656250e+01   2.7176275e-06
   1.0671875e+01   3.9674488e-06
   1.0687500e+01   3.1792968e-06
   1.0703125e+01   2.7248619e-06
   1.0718750e+01   1.7667053e-06
   1.0734375e+01   1.6314993e-06
   1.0750000e+01   2.0238813e-06
   1.0765625e+01   2.0061889e-06
   1.0781250e+01   2.9893067e-06
   1.0796875e+01   2.3224424e-06
   1.0812500e+01   1.7438401e-06
   1.0828125e+01   2.1299559e-06
   1.0843750e+01   2.8961063e-06
   1.0859375e+01   1.5936510e-06
   1.0875000e+01   8.9302157e-07
   1.0890625e+01   2.4408883e-06
   1.0906250e+01   3.4143323e-06
   1.0921875e+01   3.6297392e-06
   1.0937500e+01   3.1934462e-06
   1.0953125e+01   3.8815028e-06
   1.0968750e+01   3.5847788e-06
   1.0984375e+01   2.6997671e-06
   1.1000000e+01   2.1175715e-06
   1.1015625e+01   3.0015549e-06
   1.1031250e+01   2.6938034e-06
   1.1046875e+01   2.3705976e-06
   1.1062500e+01   1.7668114e-06
   1.1078125e+01   1.9291304e-06
   1.1093750e+01   3.6787358e-06
   1.1109375e+01   3.9320546e-06
   1.1125000e+01   2.8160204e-06
   1.1140625e+01   1.8561487e-06
   1.1156250e+01   2.4097613e-06
   1.1171875e+01   2.5056309e-06
   1.1187500e+01   2.0863036e-06
   1.1203125e+01   1.6054083e-06
   1.1218750e+01   1.8279328e-06
   1.1234375e+01   2.3451323e-06
   1.1250000e+01   1.3422041e-06
   1.1265625e+01   1.2321825e-06
   1.1281250e+01   2.8161337e-06
   1.1296875e+01   1.9760194e-06
   1.1312500e+01   1.5457754e-06
   1.1328125e+01   2.0292182e-06
   1.1343750e+01   1.6413254e-06
   1.1359375e+01   1.9320784e-06
   1.1375000e+01   2.5212868e-06
   1.1390625e+01   2.4492507e-06
   1.1406250e+01   1.9633834e-06
   1.1421875e+01   2.4967936e-06
   1.1437500e+01   1.9485453e-06
   1.1453125e+01   1.7354250e-06
   1.1468750e+01   2.5129141e-06
   1.1484375e+01   2.5165552e-06
   1.1500000e+01   2.3685117e-06
   1.1515625e+01   2.5232194e-06
   1.1531250e+01   1.8870775e-06
   1.1546875e+01   2.3621321e-06
   1.1562500e+01   2.7198518e-06
   1.1578125e+01   1.4982721e-06
   1.1593750e+01   1.2489878e-06
   1.1609375e+01   1.9163778e-06
   1.1625000e+01   1.7540177e-06
   1.1640625e+01   1.7432997e-06
   1.1656250e+01   2.7676596e-06
   1.1671875e+01   2.3441960e-06
   1.1687500e+01   1.4753158e-06
   1.1703125e+01   2.0597200e-06
   1.1718750e+01   1.7378953e-06
   1.1734375e+01   1.3614366e-06
   1.1750000e+01   1.3510832e-06
   1.1765625e+01   2.0259636e-06
   1.1781250e+01   1.6888296e-06
   1.1796875e+01   1.7921178e-06
   1.1812500e+01   1.8036994e-06
   1.1828125e+01   2.7436315e-06
   1.1843750e+01   2.5454385e-06
   1.1859375e+01   1.8672204e-06
   1.1875000e+01   2.2074032e-06
   1.1890625e+01   1.8944852e-06
   1.1906250e+01   1.9602829e-06
   1.1921875e+01   1.4433771e-06
   1.1937500e+01   1.1493030e-06
   1.1953125e+01   1.5404943e-06
   1.1968750e+01   1.2406105e-06
   1.1984375e+01   1.4704563e-06
   1.2000000e+01   1.6527666e-06
   1.2015625e+01   2.2369672e-06
   1.2031250e+01   2.2672581e-06
   1.2046875e+01   1.2064877e-06
   1.2062500e+01   1.8333211e-06
   1.2078125e+01   1.5337882e-06
   1.2093750e+01   2.1270469e-06
   1.2109375e+01   1.9707666e-06
   1.2125000e+01   2.6527977e-06
   1.2140625e+01   2.0721500e-06
   1.2156250e+01   9.9478148e-07
   1.2171875e+01   1.5313209e-06
   1.2187500e+01   1.9964312e-06
   1.2203125e+01   1.8648963e-06
   1.2218750e+01   2.4882263e-06
   1.2234375e+01   2.2179882e-06
   1.2250000e+01   2.1739294e-06
   1.2265625e+01   1.6435340e-06
   1.2281250e+01   2.3371916e-06
   1.2296875e+01   1.7773734e-06
   1.2312500e+01   1.5374586e-06
   1.2328125e+01   2.0829546e-06
   1.2343750e+01   2.4224100e-06
   1.2359375e+01   1.7052897e-06
   1.2375000e+01   1.2057998e-06
   1.2390625e+01   1.8470082e-06
   1.2406250e+01   2.4506941e-06
   1.2421875e+01   3.1120558e-06
   1.2437500e+01   1.4059839e-06
   1.2453125e+01   9.0866858e-07
   1.2468750e+01   6.6037097e-07
   1.2484375e+01   1.8457135e-06
   1.2500000e+01   1.6285447e-06
   1.2515625e+01   1.7223102e-06
   1.2531250e+01   1.9124057e-06
   1.2546875e+01   1.6335792e-06
   1.2562500e+01   1.1874648e-06
   1.2578125e+01   1.0765273e-06
   1.2593750e+01   2.0895166e-06
   1.2609375e+01   2.0992119e-06
   1.2625000e+01   1.9848869e-06
   1.2640625e+01   1.5208488e-06
   1.2656250e+01   1.2236249e-06
   1.2671875e+01   1.7558661e-06
   1.2687500e+01   2.2321303e-06
   1.2703125e+01   2.5034729e-06
   1.2718750e+01   1.7601163e-06
   1.2734375e+01   1.4841415e-06
   1.2750000e+01   1.8866250e-06
   1.2765625e+01   2.4419354e-06
   1.2781250e+01   1.7316944e-06
   1.2796875e+01   1.1267823e-06
   1.2812500e+01   3.0349080e-06
   1.2828125e+01   2.3812242e-06
   1.2843750e+01   1.8618397e-06
   1.2859375e+01   2.0473800e-06
   1.2875000e+01   1.9751693e-06
   1.2890625e+01   3.2045675e-06
   1.2906250e+01   2.7595964e-06
   1.2921875e+01   1.6389320e-06
   1.2937500e+01   2.0068148e-06
   1.2953125e+01   2.6164852e-06
   1.2968750e+01   2.4968117e-06
   1.2984375e+01   1.4847303e-06
   1.3000000e+01   1.2561830e-06
   1.3015625e+01   1.2803518e-06
   1.3031250e+01   1.2845492e-06
   1.3046875e+01   2.8630167e-06
   1.3062500e+01   2.0919265e-06
   1.3078125e+01   1.9837363e-06
   1.3093750e+01   1.9000366e-06
   1.3109375e+01   1.1708537e-06
   1.3125000e+01   1.5269287e-06
   1.3140625e+01   1.1548568e-06
   1.3156250e+01   1.7470808e-06
   1.3171875e+01   2.4953642e-06
   1.3187500e+01   2.2237305e-06
   1.3203125e+01   2.0956553e-06
   1.3218750e+01   2.6237646e-06
   1.3234375e+01   2.3804887e-06
   1.3250000e+01   1.8467375e-06
   1.3265625e+01   2.0772926e-06
   1.3281250e+01   1.5867550e-06
   1.3296875e+01   1.9630248e-06
   1.3312500e+01   1.2566668e-06
   1.3328125e+01   1.5454593e-06
   1.3343750e+01   2.1243807e-06
   1.3359375e+01   1.8551495e-06
   1.3375000e+01   1.5703149e-06
   1.3390625e+01   1.6166947e-06
   1.3406250e+01   1.6653487e-06
   1.3421875e+01   2.2436963e-06
   1.3437500e+01   1.8540941e-06
   1.3453125e+01   1.3419406e-06
   1.3468750e+01   1.1606367e-06
   1.3484375e+01   1.3852169e-06
   1.3500000e+01   1.8180292e-06
   1.3515625e+01   1.1870256e-06
   1.3531250e+01   1.8235617e-06
   1.3546875e+01   2.0048324e-06
   1.3562500e+01   2.4322050e-06
   1.3578125e+01   1.3594176e-06
   1.3593750e+01   1.0755271e-06
   1.3609375e+01   1.0669904e-06
   1.3625000e+01   2.0335961e-06
   1.3640625e+01   2.3630671e-06
   1.3656250e+01   1.6001314e-06
   1.3671875e+01   2.1054121e-06
   1.3687500e+01   2.2242548e-06
   1.3703125e+01   1.5633831e-06
   1.3718750e+01   1.3387622e-06
   1.3734375e+01   1.6606435e-06
   1.3750000e+01   1.8313265e-06
   1.3765625e+01   2.9899690e-06
   1.3781250e+01   4.0515581e-06
   1.3796875e+01   2.5926328e-06
   1.3812500e+01   1.2996554e-06
   1.3828125e+01   1.1480961e-06
   1.3843750e+01   2.3264569e-06
   1.3859375e+01   1.9683418e-06
   1.3875000e+01   1.8934212e-06
   1.3890625e+01   1.7013734e-06
   1.3906250e+01   2.6451272e-06
   1.3921875e+01   2.4325381e-06
   1.3937500e+01   2.0975512e-06
   1.3953125e+01   1.7708304e-06
   1.3968750e+01   2.2759431e-06
   1.3984375e+01   2.5856581e-06
   1.4000000e+01   1.4036618e-06
   1.4015625e+01   1.8980605e-06
   1.4031250e+01   2.1395879e-06
   1.4046875e+01   1.4369682e-06
   1.4062500e+01   2.0932340e-06
   1.4078125e+01   1.3653503e-06
   1.4093750e+01   8.3444131e-07
   1.4109375e+01   1.3947540e-06
   1.4125000e+01   2.4964698e-06
   1.4140625e+01   2.1351392e-06
   1.4156250e+01   1.4106973e-06
   1.4171875e+01   2.1894218e-06
   1.4187500e+01   1.8511920e-06
   1.4203125e+01   2.2048729e-06
   1.4218750e+01   2.1610920e-06
   1.4234375e+01   1.7251875e-06
   1.4250000e+01   3.1216459e-06
   1.4265625e+01   2.6953545e-06
   1.4281250e+01   1.7938448e-06
   1.4296875e+01   2.4964497e-06
   1.4312500e+01   1.7636916e-06
   1.4328125e+01   1.6207285e-06
   1.4343750e+01   2.1723184e-06
   1.4359375e+01   2.4608843e-06
   1.4375000e+01   2.2192725e-06
   1.4390625e+01   2.0057938e-06
   1.4406250e+01   2.5297819e-06
   1.4421875e+01   3.0208523e-06
   1.4437500e+01   2.0366849e-06
   1.4453125e+01   2.0844155e-06
   1.4468750e+01   1.5143364e-06
   1.4484375e+01   1.7219851e-06
   1.4500000e+01   2.0609694e-06
   1.4515625e+01   1.5707772e-06
   1.4531250e+01   1.1138364e-06
   1.4546875e+01   1.1433626e-06
   1.4562500e+01   2.4318078e-06
   1.4578125e+01   2.1570833e-06
   1.4593750e+01   1.2613454e-06
   1.4609375e+01   1.3929556e-06
   1.4625000e+01   1.9379480e-06
   1.4640625e+01   1.5008441e-06
   1.4656250e+01   1.1365262e-06
   1.4671875e+01   1.7448432e-06
   1.4687500e+01   1.7970374e-06
   1.4703125e+01   1.9607226e-06
   1.4718750e+01   1.9103360e-06
   1.4734375e+01   1.8704818e-06
   1.4750000e+01   1.9756012e-06
   1.4765625e+01   2.6259429e-06
   1.4781250e+01   2.1082715e-06
   1.4796875e+01   1.2685399e-06
   1.4812500e+01   2.1508541e-06
   1.4828125e+01   2.0889653e-06
   1.4843750e+01   1.9785675e-06
   1.4859375e+01   1.5512974e-06
   1.4875000e+01   1.5391287e-06
   1.4890625e+01   1.4703615e-06
   1.4906250e+01   1.7220216e-06
   1.4921875e+01   1.9021657e-06
   1.4937500e+01   1.1370145e-06
   1.4953125e+01   1.4791475e-06
   1.4968750e+01   2.3481490e-06
   1.4984375e+01   1.7198434e-06
   1.5000000e+01   1.8942298e-06
   1.5015625e+01   2.1811662e-06
   1.5031250e+01   2.3750778e-06
   1.5046875e+01   1.7947671e-06
   1.5062500e+01   2.5121617e-06
   1.5078125e+01   2.4369195e-06
   1.5093750e+01   1.2252035e-06
   1.5109375e+01   1.1093682e-06
   1.5125000e+01   1.5985051e-06
   1.5140625e+01   1.8675272e-06
   1.5156250e+01   1.5223891e-06
   1.5171875e+01   1.4959766e-06
   1.5187500e+01   1.8035156e-06
   1.5203125e+01   1.8731771e-06
   1.5218750e+01   1.6989225e-06
   1.5234375e+01   2.1497159e-06
   1.5250000e+01   2.8072969e-06
   1.5265625e+01   2.6739902e-06
   1.5281250e+01   1.9364891e-06
   1.5296875e+01   1.6563544e-06
   1.5312500e+01   1.9605590e-06
   1.5328125e+01   2.2308765e-06
   1.5343750e+01   3.6297659e-06
   1.5359375e+01   4.2202254e-06
   1.5375000e+01   2.4863337e-06
   1.5390625e+01   2.4833127e-06
   1.5406250e+01   1.8341301e-06
   1.5421875e+01   1.7634334e-06
   1.5437500e+01   1.2972045e-06
   1.5453125e+01   1.9732048e-06
   1.5468750e+01   2.3292905e-06
   1.5484375e+01   1.9116407e-06
   1.5500000e+01   2.5299474e-06
   1.5515625e+01   2.7827948e-06
   1.5531250e+01   2.4318213e-06
   1.5546875e+01   2.0521529e-06
   1.5562500e+01   1.8441636e-06
   1.5578125e+01   1.1047310e-06
   1.5593750e+01   1.4521981e-06
   1.5609375e+01   1.7535294e-06
   1.5625000e+01   1.6901123e-06
   1.5640625e+01   1.3049611e-06
   1.5656250e+01   1.1507337e-06
   1.5671875e+01   1.3101363e-06
   1.5687500e+01   1.6384972e-06
   1.5703125e+01   1.8563267e-06
   1.5718750e+01   1.5257806e-06
   1.5734375e+01   1.0666907e-06
   1.5750000e+01   1.6258741e-06
   1.5765625e+01   2.6375181e-06
   1.5781250e+01   1.4448401e-06
   1.5796875e+01   1.7146599e-06
   1.5812500e+01   2.1112132e-06
   1.5828125e+01   2.7691884e-06
   1.5843750e+01   1.5612403e-06
   1.5859375e+01   1.2070761e-06
   1.5875000e+01   2.1813008e-06
   1.5890625e+01   2.6063484e-06
   1.5906250e+01   2.8756366e-06
   1.5921875e+01   1.5134243e-06
   1.5937500e+01   1.1999566e-06
   1.5953125e+01   1.8074374e-06
   1.5968750e+01   2.0097701e-06
   1.5984375e+01   2.8569278e-06
   1.6000000e+01   1.4156775e-06
