%  f [Hz]          power [(mV/m)^2/Hz]   
   0.0000000e+00   1.3051856e-01
   4.0000000e+00   3.2589718e-02
   8.0000000e+00   3.2475914e-06
   1.2000000e+01   9.6918545e-07
   1.6000000e+01   6.2328984e-07
   2.0000000e+01   4.8705436e-07
   2.4000000e+01   3.2109340e-07
   2.8000000e+01   2.5200893e-07
   3.2000000e+01   2.0087962e-07
   3.6000000e+01   1.7185255e-07
   4.0000000e+01   1.3909419e-07
   4.4000000e+01   1.1335554e-07
   4.8000000e+01   1.0323117e-07
   5.2000000e+01   8.9953738e-08
   5.6000000e+01   9.3194052e-08
   6.0000000e+01   8.7327333e-08
   6.4000000e+01   7.4588914e-08
   6.8000000e+01   7.2867235e-08
   7.2000000e+01   6.4355008e-08
   7.6000000e+01   6.4659847e-08
   8.0000000e+01   5.9164515e-08
   8.4000000e+01   5.4692220e-08
   8.8000000e+01   5.8126397e-08
   9.2000000e+01   5.6177002e-08
   9.6000000e+01   6.0737676e-08
   1.0000000e+02   5.8236456e-08
   1.0400000e+02   5.1490687e-08
   1.0800000e+02   5.1316093e-08
   1.1200000e+02   5.1773592e-08
   1.1600000e+02   5.1567893e-08
   1.2000000e+02   4.5211980e-08
   1.2400000e+02   5.3407919e-08
   1.2800000e+02   5.4282900e-08
   1.3200000e+02   5.0339152e-08
   1.3600000e+02   4.3387235e-08
   1.4000000e+02   4.5937497e-08
   1.4400000e+02   5.1466450e-08
   1.4800000e+02   5.1384879e-08
   1.5200000e+02   5.7480664e-08
   1.5600000e+02   5.2010616e-08
   1.6000000e+02   5.6663663e-08
   1.6400000e+02   5.2763030e-08
   1.6800000e+02   5.1675876e-08
   1.7200000e+02   4.7419458e-08
   1.7600000e+02   5.0933555e-08
   1.8000000e+02   4.7061948e-08
   1.8400000e+02   4.4518708e-08
   1.8800000e+02   4.5672953e-08
   1.9200000e+02   5.2865741e-08
   1.9600000e+02   5.2664492e-08
   2.0000000e+02   4.6771269e-08
   2.0400000e+02   5.4720872e-08
   2.0800000e+02   5.4313702e-08
   2.1200000e+02   4.5921424e-08
   2.1600000e+02   5.1137266e-08
   2.2000000e+02   5.1470883e-08
   2.2400000e+02   4.7958006e-08
   2.2800000e+02   4.9795792e-08
   2.3200000e+02   5.3954119e-08
   2.3600000e+02   4.8884351e-08
   2.4000000e+02   4.5454077e-08
   2.4400000e+02   4.4126002e-08
   2.4800000e+02   4.8615194e-08
   2.5200000e+02   5.1906680e-08
   2.5600000e+02   7.7884441e-08
   2.6000000e+02   6.2820920e-08
   2.6400000e+02   4.5732149e-08
   2.6800000e+02   4.9260220e-08
   2.7200000e+02   4.8518533e-08
   2.7600000e+02   5.0091854e-08
   2.8000000e+02   4.7076269e-08
   2.8400000e+02   4.7569421e-08
   2.8800000e+02   5.5485805e-08
   2.9200000e+02   4.7344764e-08
   2.9600000e+02   4.5440307e-08
   3.0000000e+02   4.7811837e-08
   3.0400000e+02   5.1445554e-08
   3.0800000e+02   4.7634627e-08
   3.1200000e+02   4.9026444e-08
   3.1600000e+02   5.0691249e-08
   3.2000000e+02   4.4277002e-08
   3.2400000e+02   4.7695692e-08
   3.2800000e+02   4.9216234e-08
   3.3200000e+02   4.5216112e-08
   3.3600000e+02   4.6726177e-08
   3.4000000e+02   4.7235367e-08
   3.4400000e+02   4.5978911e-08
   3.4800000e+02   4.4390448e-08
   3.5200000e+02   4.0820862e-08
   3.5600000e+02   4.6222228e-08
   3.6000000e+02   4.6851564e-08
   3.6400000e+02   4.5256226e-08
   3.6800000e+02   4.4342165e-08
   3.7200000e+02   4.5690701e-08
   3.7600000e+02   4.5212909e-08
   3.8000000e+02   4.9862778e-08
   3.8400000e+02   5.0378225e-08
   3.8800000e+02   4.6831170e-08
   3.9200000e+02   4.6373411e-08
   3.9600000e+02   4.4990995e-08
   4.0000000e+02   4.7859409e-08
   4.0400000e+02   4.7931745e-08
   4.0800000e+02   4.5736272e-08
   4.1200000e+02   4.1035975e-08
   4.1600000e+02   4.4918698e-08
   4.2000000e+02   4.4532110e-08
   4.2400000e+02   4.8335485e-08
   4.2800000e+02   4.7775575e-08
   4.3200000e+02   4.7716541e-08
   4.3600000e+02   4.2271911e-08
   4.4000000e+02   4.5931198e-08
   4.4400000e+02   4.2360043e-08
   4.4800000e+02   4.6199209e-08
   4.5200000e+02   5.0479970e-08
   4.5600000e+02   4.5424758e-08
   4.6000000e+02   4.5295885e-08
   4.6400000e+02   4.3884884e-08
   4.6800000e+02   4.7395135e-08
   4.7200000e+02   4.3401746e-08
   4.7600000e+02   4.3133696e-08
   4.8000000e+02   4.1491413e-08
   4.8400000e+02   4.0013755e-08
   4.8800000e+02   4.2456132e-08
   4.9200000e+02   4.2889630e-08
   4.9600000e+02   4.4174838e-08
   5.0000000e+02   4.6236768e-08
   5.0400000e+02   4.4721734e-08
   5.0800000e+02   5.5347751e-08
   5.1200000e+02   7.7737056e-08
   5.1600000e+02   6.2952084e-08
   5.2000000e+02   4.5779462e-08
   5.2400000e+02   4.5942507e-08
   5.2800000e+02   4.6234126e-08
   5.3200000e+02   4.3605196e-08
   5.3600000e+02   4.1346823e-08
   5.4000000e+02   4.4976500e-08
   5.4400000e+02   4.3338277e-08
   5.4800000e+02   4.0736453e-08
   5.5200000e+02   4.3326007e-08
   5.5600000e+02   5.0303064e-08
   5.6000000e+02   5.0338764e-08
   5.6400000e+02   4.9039049e-08
   5.6800000e+02   4.0772337e-08
   5.7200000e+02   4.2952277e-08
   5.7600000e+02   4.7469942e-08
   5.8000000e+02   4.7273465e-08
   5.8400000e+02   4.9979182e-08
   5.8800000e+02   4.9005877e-08
   5.9200000e+02   4.4817533e-08
   5.9600000e+02   4.5099759e-08
   6.0000000e+02   4.6503289e-08
   6.0400000e+02   4.3088887e-08
   6.0800000e+02   4.2203365e-08
   6.1200000e+02   4.4368775e-08
   6.1600000e+02   4.4317679e-08
   6.2000000e+02   4.8757960e-08
   6.2400000e+02   4.7943046e-08
   6.2800000e+02   4.0852697e-08
   6.3200000e+02   3.9884651e-08
   6.3600000e+02   4.4998727e-08
   6.4000000e+02   4.6643089e-08
   6.4400000e+02   4.7819861e-08
   6.4800000e+02   4.8475329e-08
   6.5200000e+02   4.8109198e-08
   6.5600000e+02   4.7074997e-08
   6.6000000e+02   4.6530640e-08
   6.6400000e+02   4.4155229e-08
   6.6800000e+02   3.9660483e-08
   6.7200000e+02   3.8414349e-08
   6.7600000e+02   4.3110076e-08
   6.8000000e+02   4.5381352e-08
   6.8400000e+02   4.4492414e-08
   6.8800000e+02   4.1935302e-08
   6.9200000e+02   4.2395024e-08
   6.9600000e+02   4.3290461e-08
   7.0000000e+02   4.6535049e-08
   7.0400000e+02   4.3379227e-08
   7.0800000e+02   4.5118338e-08
   7.1200000e+02   4.2301055e-08
   7.1600000e+02   4.4530896e-08
   7.2000000e+02   3.9735437e-08
   7.2400000e+02   4.0899071e-08
   7.2800000e+02   4.2628614e-08
   7.3200000e+02   4.1968315e-08
   7.3600000e+02   4.2060387e-08
   7.4000000e+02   4.1699985e-08
   7.4400000e+02   4.0936095e-08
   7.4800000e+02   3.9529615e-08
   7.5200000e+02   4.8028090e-08
   7.5600000e+02   4.7742779e-08
   7.6000000e+02   4.6362291e-08
   7.6400000e+02   5.0298533e-08
   7.6800000e+02   5.9853564e-08
   7.7200000e+02   6.4186358e-08
   7.7600000e+02   4.9496382e-08
   7.8000000e+02   4.4796977e-08
   7.8400000e+02   4.1209114e-08
   7.8800000e+02   4.4741764e-08
   7.9200000e+02   4.6170925e-08
   7.9600000e+02   4.4185258e-08
   8.0000000e+02   4.3215940e-08
   8.0400000e+02   4.2885872e-08
   8.0800000e+02   4.2043953e-08
   8.1200000e+02   4.2622078e-08
   8.1600000e+02   4.5083658e-08
   8.2000000e+02   4.5086697e-08
   8.2400000e+02   3.8944179e-08
   8.2800000e+02   3.9540471e-08
   8.3200000e+02   4.5374551e-08
   8.3600000e+02   4.7703728e-08
   8.4000000e+02   4.4723187e-08
   8.4400000e+02   4.1438100e-08
   8.4800000e+02   4.3760886e-08
   8.5200000e+02   4.3296007e-08
   8.5600000e+02   4.2654997e-08
   8.6000000e+02   4.5916350e-08
   8.6400000e+02   4.1944067e-08
   8.6800000e+02   4.2910975e-08
   8.7200000e+02   4.7684920e-08
   8.7600000e+02   4.3376690e-08
   8.8000000e+02   4.0834722e-08
   8.8400000e+02   4.2936485e-08
   8.8800000e+02   4.1808737e-08
   8.9200000e+02   4.3893017e-08
   8.9600000e+02   4.4367955e-08
   9.0000000e+02   4.4327158e-08
   9.0400000e+02   3.9366374e-08
   9.0800000e+02   4.1289035e-08
   9.1200000e+02   4.6579625e-08
   9.1600000e+02   4.5587973e-08
   9.2000000e+02   4.6966413e-08
   9.2400000e+02   4.6704747e-08
   9.2800000e+02   4.2541969e-08
   9.3200000e+02   4.2010063e-08
   9.3600000e+02   4.4227569e-08
   9.4000000e+02   4.4101971e-08
   9.4400000e+02   4.3543051e-08
   9.4800000e+02   4.5358237e-08
   9.5200000e+02   4.7068008e-08
   9.5600000e+02   4.4322822e-08
   9.6000000e+02   4.3252083e-08
   9.6400000e+02   4.3018092e-08
   9.6800000e+02   4.6174097e-08
   9.7200000e+02   4.4797177e-08
   9.7600000e+02   4.2157551e-08
   9.8000000e+02   4.2693503e-08
   9.8400000e+02   4.3057603e-08
   9.8800000e+02   4.2591176e-08
   9.9200000e+02   4.1858507e-08
   9.9600000e+02   3.8731681e-08
   1.0000000e+03   4.2306529e-08
   1.0040000e+03   4.1637664e-08
   1.0080000e+03   4.1044455e-08
   1.0120000e+03   4.3932604e-08
   1.0160000e+03   4.3072268e-08
   1.0200000e+03   4.6514911e-08
   1.0240000e+03   6.0944096e-08
   1.0280000e+03   6.3477606e-08
   1.0320000e+03   4.9287773e-08
   1.0360000e+03   4.3307146e-08
   1.0400000e+03   3.7382220e-08
   1.0440000e+03   3.9827975e-08
   1.0480000e+03   4.3737136e-08
   1.0520000e+03   4.2054586e-08
   1.0560000e+03   4.2986328e-08
   1.0600000e+03   4.7349420e-08
   1.0640000e+03   4.6531078e-08
   1.0680000e+03   4.9816569e-08
   1.0720000e+03   4.8150402e-08
   1.0760000e+03   4.1591698e-08
   1.0800000e+03   3.8278539e-08
   1.0840000e+03   3.9694860e-08
   1.0880000e+03   3.9343326e-08
   1.0920000e+03   4.0199155e-08
   1.0960000e+03   4.1415135e-08
   1.1000000e+03   4.0682792e-08
   1.1040000e+03   4.1929398e-08
   1.1080000e+03   4.2097225e-08
   1.1120000e+03   4.3212519e-08
   1.1160000e+03   3.8876781e-08
   1.1200000e+03   4.5325537e-08
   1.1240000e+03   4.6807832e-08
   1.1280000e+03   4.0134537e-08
   1.1320000e+03   4.1749986e-08
   1.1360000e+03   4.5001272e-08
   1.1400000e+03   4.1012203e-08
   1.1440000e+03   4.7121108e-08
   1.1480000e+03   4.8177893e-08
   1.1520000e+03   4.1030999e-08
   1.1560000e+03   4.5041604e-08
   1.1600000e+03   4.3044436e-08
   1.1640000e+03   4.4922019e-08
   1.1680000e+03   4.6558722e-08
   1.1720000e+03   4.1266324e-08
   1.1760000e+03   4.0578369e-08
   1.1800000e+03   3.9828733e-08
   1.1840000e+03   4.6815575e-08
   1.1880000e+03   4.6864382e-08
   1.1920000e+03   4.2470349e-08
   1.1960000e+03   4.2496270e-08
   1.2000000e+03   4.0678534e-08
   1.2040000e+03   4.0743637e-08
   1.2080000e+03   4.1550214e-08
   1.2120000e+03   4.6199746e-08
   1.2160000e+03   4.3555343e-08
   1.2200000e+03   4.6741186e-08
   1.2240000e+03   5.0789223e-08
   1.2280000e+03   4.6336070e-08
   1.2320000e+03   4.2437400e-08
   1.2360000e+03   4.2241043e-08
   1.2400000e+03   4.1913496e-08
   1.2440000e+03   4.1695055e-08
   1.2480000e+03   3.9023435e-08
   1.2520000e+03   3.6005388e-08
   1.2560000e+03   4.3473447e-08
   1.2600000e+03   4.2977022e-08
   1.2640000e+03   3.9593257e-08
   1.2680000e+03   3.9841981e-08
   1.2720000e+03   4.0894252e-08
   1.2760000e+03   4.0048581e-08
   1.2800000e+03   4.5787701e-08
   1.2840000e+03   5.6890044e-08
   1.2880000e+03   5.0697414e-08
   1.2920000e+03   4.3764072e-08
   1.2960000e+03   4.2891819e-08
   1.3000000e+03   4.3683252e-08
   1.3040000e+03   4.1453585e-08
   1.3080000e+03   3.5801791e-08
   1.3120000e+03   3.8096388e-08
   1.3160000e+03   4.1776537e-08
   1.3200000e+03   4.1476230e-08
   1.3240000e+03   4.1739539e-08
   1.3280000e+03   4.3890858e-08
   1.3320000e+03   4.0421845e-08
   1.3360000e+03   3.8237267e-08
   1.3400000e+03   3.8363989e-08
   1.3440000e+03   4.1553039e-08
   1.3480000e+03   4.2350283e-08
   1.3520000e+03   4.5773042e-08
   1.3560000e+03   4.6205655e-08
   1.3600000e+03   4.1833762e-08
   1.3640000e+03   3.9698029e-08
   1.3680000e+03   4.2720094e-08
   1.3720000e+03   4.1242914e-08
   1.3760000e+03   4.3271355e-08
   1.3800000e+03   4.0848289e-08
   1.3840000e+03   3.9370212e-08
   1.3880000e+03   4.1411910e-08
   1.3920000e+03   4.2293594e-08
   1.3960000e+03   4.3038312e-08
   1.4000000e+03   4.1933737e-08
   1.4040000e+03   4.6015928e-08
   1.4080000e+03   4.4212185e-08
   1.4120000e+03   3.7207538e-08
   1.4160000e+03   3.8228832e-08
   1.4200000e+03   4.1958183e-08
   1.4240000e+03   3.9801471e-08
   1.4280000e+03   4.0331757e-08
   1.4320000e+03   3.8283516e-08
   1.4360000e+03   3.9430267e-08
   1.4400000e+03   3.8508454e-08
   1.4440000e+03   3.5117216e-08
   1.4480000e+03   3.8949300e-08
   1.4520000e+03   3.9270588e-08
   1.4560000e+03   3.5332676e-08
   1.4600000e+03   3.8054221e-08
   1.4640000e+03   3.7599065e-08
   1.4680000e+03   3.6287373e-08
   1.4720000e+03   4.0641591e-08
   1.4760000e+03   3.7536116e-08
   1.4800000e+03   3.8566775e-08
   1.4840000e+03   3.8628854e-08
   1.4880000e+03   3.9856870e-08
   1.4920000e+03   4.2881372e-08
   1.4960000e+03   4.3746524e-08
   1.5000000e+03   3.7877214e-08
   1.5040000e+03   3.7339020e-08
   1.5080000e+03   4.1052244e-08
   1.5120000e+03   4.2147788e-08
   1.5160000e+03   3.8268293e-08
   1.5200000e+03   3.8261845e-08
   1.5240000e+03   3.8878775e-08
   1.5280000e+03   3.9291338e-08
   1.5320000e+03   3.7896531e-08
   1.5360000e+03   3.9405886e-08
   1.5400000e+03   4.5361704e-08
   1.5440000e+03   4.6068256e-08
   1.5480000e+03   3.8901377e-08
   1.5520000e+03   3.8688345e-08
   1.5560000e+03   3.9292428e-08
   1.5600000e+03   4.0978749e-08
   1.5640000e+03   3.7124040e-08
   1.5680000e+03   3.9062831e-08
   1.5720000e+03   3.8437545e-08
   1.5760000e+03   3.5226432e-08
   1.5800000e+03   3.6222091e-08
   1.5840000e+03   3.7211503e-08
   1.5880000e+03   3.7265608e-08
   1.5920000e+03   3.6700232e-08
   1.5960000e+03   4.0785883e-08
   1.6000000e+03   4.0049523e-08
   1.6040000e+03   3.8701469e-08
   1.6080000e+03   3.9392645e-08
   1.6120000e+03   3.8596235e-08
   1.6160000e+03   4.0912306e-08
   1.6200000e+03   3.8380025e-08
   1.6240000e+03   3.9173955e-08
   1.6280000e+03   3.8643381e-08
   1.6320000e+03   3.5095094e-08
   1.6360000e+03   3.6634984e-08
   1.6400000e+03   3.6015840e-08
   1.6440000e+03   3.8086366e-08
   1.6480000e+03   3.9438889e-08
   1.6520000e+03   4.0383169e-08
   1.6560000e+03   3.7891829e-08
   1.6600000e+03   3.8985238e-08
   1.6640000e+03   3.6418641e-08
   1.6680000e+03   3.3132210e-08
   1.6720000e+03   3.5439656e-08
   1.6760000e+03   3.4815906e-08
   1.6800000e+03   3.7911256e-08
   1.6840000e+03   3.9522126e-08
   1.6880000e+03   3.9218935e-08
   1.6920000e+03   3.6604141e-08
   1.6960000e+03   3.9817346e-08
   1.7000000e+03   3.9093978e-08
   1.7040000e+03   3.3180698e-08
   1.7080000e+03   3.2774445e-08
   1.7120000e+03   3.3446504e-08
   1.7160000e+03   3.7445889e-08
   1.7200000e+03   3.5136242e-08
   1.7240000e+03   3.1911009e-08
   1.7280000e+03   3.4781024e-08
   1.7320000e+03   3.9994524e-08
   1.7360000e+03   3.5138058e-08
   1.7400000e+03   3.4091104e-08
   1.7440000e+03   3.4455440e-08
   1.7480000e+03   3.1776488e-08
   1.7520000e+03   3.1735712e-08
   1.7560000e+03   3.3124665e-08
   1.7600000e+03   3.6053444e-08
   1.7640000e+03   3.4343861e-08
   1.7680000e+03   3.3364281e-08
   1.7720000e+03   3.5279899e-08
   1.7760000e+03   3.4835923e-08
   1.7800000e+03   3.5571340e-08
   1.7840000e+03   3.5290616e-08
   1.7880000e+03   3.4491646e-08
   1.7920000e+03   3.4972509e-08
   1.7960000e+03   4.1744988e-08
   1.8000000e+03   4.5902447e-08
   1.8040000e+03   4.0648697e-08
   1.8080000e+03   3.7157139e-08
   1.8120000e+03   3.6723801e-08
   1.8160000e+03   3.8300875e-08
   1.8200000e+03   3.5888189e-08
   1.8240000e+03   3.2923492e-08
   1.8280000e+03   3.1387599e-08
   1.8320000e+03   3.3883167e-08
   1.8360000e+03   3.6002668e-08
   1.8400000e+03   3.6705226e-08
   1.8440000e+03   3.7053010e-08
   1.8480000e+03   3.6095959e-08
   1.8520000e+03   3.5418953e-08
   1.8560000e+03   3.5657605e-08
   1.8600000e+03   3.3168919e-08
   1.8640000e+03   3.2924551e-08
   1.8680000e+03   3.4451231e-08
   1.8720000e+03   3.5133525e-08
   1.8760000e+03   3.5632335e-08
   1.8800000e+03   3.5711728e-08
   1.8840000e+03   3.6758404e-08
   1.8880000e+03   3.3866988e-08
   1.8920000e+03   3.2957533e-08
   1.8960000e+03   3.2566752e-08
   1.9000000e+03   3.3674837e-08
   1.9040000e+03   3.3852755e-08
   1.9080000e+03   3.3554126e-08
   1.9120000e+03   3.3216651e-08
   1.9160000e+03   3.1654399e-08
   1.9200000e+03   3.4532877e-08
   1.9240000e+03   3.5991948e-08
   1.9280000e+03   3.4110781e-08
   1.9320000e+03   3.4137895e-08
   1.9360000e+03   3.4029866e-08
   1.9400000e+03   3.1121091e-08
   1.9440000e+03   3.3552922e-08
   1.9480000e+03   3.6369293e-08
   1.9520000e+03   3.6147556e-08
   1.9560000e+03   3.3765872e-08
   1.9600000e+03   3.4184134e-08
   1.9640000e+03   3.3961122e-08
   1.9680000e+03   3.2074937e-08
   1.9720000e+03   3.0405154e-08
   1.9760000e+03   3.1891879e-08
   1.9800000e+03   3.3269336e-08
   1.9840000e+03   3.5915415e-08
   1.9880000e+03   3.7338732e-08
   1.9920000e+03   3.4686770e-08
   1.9960000e+03   3.0093878e-08
   2.0000000e+03   2.8169569e-08
   2.0040000e+03   2.7384859e-08
   2.0080000e+03   2.9465853e-08
   2.0120000e+03   3.2075013e-08
   2.0160000e+03   3.2442218e-08
   2.0200000e+03   2.9929052e-08
   2.0240000e+03   3.2026285e-08
   2.0280000e+03   3.2805796e-08
   2.0320000e+03   3.0741422e-08
   2.0360000e+03   2.8880856e-08
   2.0400000e+03   3.1925028e-08
   2.0440000e+03   3.2706996e-08
   2.0480000e+03   3.1989459e-08
   2.0520000e+03   3.5933452e-08
   2.0560000e+03   4.0537177e-08
   2.0600000e+03   3.3768473e-08
   2.0640000e+03   3.0959813e-08
   2.0680000e+03   3.2091155e-08
   2.0720000e+03   3.3266961e-08
   2.0760000e+03   2.9326569e-08
   2.0800000e+03   2.8522176e-08
   2.0840000e+03   3.2060042e-08
   2.0880000e+03   3.6731014e-08
   2.0920000e+03   3.6371839e-08
   2.0960000e+03   3.3052166e-08
   2.1000000e+03   2.9497541e-08
   2.1040000e+03   2.8540834e-08
   2.1080000e+03   2.9956223e-08
   2.1120000e+03   3.0010012e-08
   2.1160000e+03   3.1700277e-08
   2.1200000e+03   3.3536406e-08
   2.1240000e+03   3.3429737e-08
   2.1280000e+03   3.1592036e-08
   2.1320000e+03   3.2841298e-08
   2.1360000e+03   2.9538355e-08
   2.1400000e+03   3.0483885e-08
   2.1440000e+03   3.1346777e-08
   2.1480000e+03   3.0108114e-08
   2.1520000e+03   3.0692896e-08
   2.1560000e+03   3.1314162e-08
   2.1600000e+03   3.3558682e-08
   2.1640000e+03   3.2695822e-08
   2.1680000e+03   3.5161911e-08
   2.1720000e+03   3.3849317e-08
   2.1760000e+03   3.0208719e-08
   2.1800000e+03   2.8495760e-08
   2.1840000e+03   3.0096639e-08
   2.1880000e+03   2.9779517e-08
   2.1920000e+03   3.0169262e-08
   2.1960000e+03   3.2744442e-08
   2.2000000e+03   3.1459976e-08
   2.2040000e+03   3.2253572e-08
   2.2080000e+03   3.1402779e-08
   2.2120000e+03   2.8109756e-08
   2.2160000e+03   2.6942298e-08
   2.2200000e+03   2.6867962e-08
   2.2240000e+03   3.1142876e-08
   2.2280000e+03   3.3328783e-08
   2.2320000e+03   3.1786173e-08
   2.2360000e+03   2.5794308e-08
   2.2400000e+03   2.6735425e-08
   2.2440000e+03   2.8897949e-08
   2.2480000e+03   2.9720697e-08
   2.2520000e+03   3.3699872e-08
   2.2560000e+03   3.1739821e-08
   2.2600000e+03   3.0687290e-08
   2.2640000e+03   2.7776339e-08
   2.2680000e+03   2.8026912e-08
   2.2720000e+03   2.9534373e-08
   2.2760000e+03   2.7749152e-08
   2.2800000e+03   3.1453929e-08
   2.2840000e+03   2.8410657e-08
   2.2880000e+03   2.8524868e-08
   2.2920000e+03   2.8366929e-08
   2.2960000e+03   2.8136900e-08
   2.3000000e+03   2.7910376e-08
   2.3040000e+03   2.6477798e-08
   2.3080000e+03   2.8951375e-08
   2.3120000e+03   3.2465793e-08
   2.3160000e+03   3.1976384e-08
   2.3200000e+03   2.6925515e-08
   2.3240000e+03   2.6313838e-08
   2.3280000e+03   2.8701944e-08
   2.3320000e+03   2.9366580e-08
   2.3360000e+03   3.0079960e-08
   2.3400000e+03   2.9044790e-08
   2.3440000e+03   3.0817270e-08
   2.3480000e+03   2.8713501e-08
   2.3520000e+03   2.5868893e-08
   2.3560000e+03   2.9251585e-08
   2.3600000e+03   2.9833438e-08
   2.3640000e+03   3.0900537e-08
   2.3680000e+03   3.1974212e-08
   2.3720000e+03   2.9537997e-08
   2.3760000e+03   3.0206434e-08
   2.3800000e+03   3.1289607e-08
   2.3840000e+03   2.9743737e-08
   2.3880000e+03   2.9969047e-08
   2.3920000e+03   2.8717991e-08
   2.3960000e+03   2.7780912e-08
   2.4000000e+03   2.7762811e-08
   2.4040000e+03   2.9889844e-08
   2.4080000e+03   2.8297672e-08
   2.4120000e+03   2.6282307e-08
   2.4160000e+03   2.6640304e-08
   2.4200000e+03   2.7235927e-08
   2.4240000e+03   2.7639689e-08
   2.4280000e+03   2.6326076e-08
   2.4320000e+03   2.5668340e-08
   2.4360000e+03   2.6146413e-08
   2.4400000e+03   2.8144958e-08
   2.4440000e+03   2.8342098e-08
   2.4480000e+03   2.6578487e-08
   2.4520000e+03   2.7021764e-08
   2.4560000e+03   2.8506224e-08
   2.4600000e+03   2.7980291e-08
   2.4640000e+03   2.6694321e-08
   2.4680000e+03   2.8333488e-08
   2.4720000e+03   2.9168802e-08
   2.4760000e+03   2.8296535e-08
   2.4800000e+03   2.6089331e-08
   2.4840000e+03   2.5279888e-08
   2.4880000e+03   2.4701310e-08
   2.4920000e+03   2.6548857e-08
   2.4960000e+03   2.6423268e-08
   2.5000000e+03   2.7218897e-08
   2.5040000e+03   2.5485628e-08
   2.5080000e+03   2.5814754e-08
   2.5120000e+03   2.4975539e-08
   2.5160000e+03   2.2033310e-08
   2.5200000e+03   2.3213424e-08
   2.5240000e+03   2.6789426e-08
   2.5280000e+03   2.3021869e-08
   2.5320000e+03   2.4014665e-08
   2.5360000e+03   2.6058414e-08
   2.5400000e+03   2.9066887e-08
   2.5440000e+03   2.7611614e-08
   2.5480000e+03   2.6951954e-08
   2.5520000e+03   2.5112414e-08
   2.5560000e+03   2.5219582e-08
   2.5600000e+03   2.1506534e-08
   2.5640000e+03   2.5298098e-08
   2.5680000e+03   2.6566652e-08
   2.5720000e+03   2.5045575e-08
   2.5760000e+03   2.3729032e-08
   2.5800000e+03   2.5547069e-08
   2.5840000e+03   2.7613131e-08
   2.5880000e+03   2.5754256e-08
   2.5920000e+03   2.5601822e-08
   2.5960000e+03   2.4488027e-08
   2.6000000e+03   2.5430109e-08
   2.6040000e+03   2.3686992e-08
   2.6080000e+03   2.4282777e-08
   2.6120000e+03   2.4785400e-08
   2.6160000e+03   2.5205666e-08
   2.6200000e+03   2.1447670e-08
   2.6240000e+03   2.3216554e-08
   2.6280000e+03   2.4114122e-08
   2.6320000e+03   2.3516832e-08
   2.6360000e+03   2.4374645e-08
   2.6400000e+03   2.4522841e-08
   2.6440000e+03   2.3948062e-08
   2.6480000e+03   2.1710337e-08
   2.6520000e+03   2.5161325e-08
   2.6560000e+03   2.4462126e-08
   2.6600000e+03   2.5380765e-08
   2.6640000e+03   2.4062898e-08
   2.6680000e+03   2.2334053e-08
   2.6720000e+03   2.2012705e-08
   2.6760000e+03   2.4972861e-08
   2.6800000e+03   2.5866718e-08
   2.6840000e+03   2.2493037e-08
   2.6880000e+03   2.1427680e-08
   2.6920000e+03   2.1510318e-08
   2.6960000e+03   2.3507949e-08
   2.7000000e+03   2.2729251e-08
   2.7040000e+03   2.3965892e-08
   2.7080000e+03   2.3672539e-08
   2.7120000e+03   2.3190904e-08
   2.7160000e+03   2.3574668e-08
   2.7200000e+03   2.3576355e-08
   2.7240000e+03   2.4495553e-08
   2.7280000e+03   2.3079948e-08
   2.7320000e+03   2.2926038e-08
   2.7360000e+03   2.4241761e-08
   2.7400000e+03   2.3321724e-08
   2.7440000e+03   2.3519184e-08
   2.7480000e+03   2.3903345e-08
   2.7520000e+03   2.2186239e-08
   2.7560000e+03   2.1518483e-08
   2.7600000e+03   2.1418430e-08
   2.7640000e+03   2.2978486e-08
   2.7680000e+03   2.2275979e-08
   2.7720000e+03   2.1327220e-08
   2.7760000e+03   2.1844882e-08
   2.7800000e+03   2.4310306e-08
   2.7840000e+03   2.2967963e-08
   2.7880000e+03   2.2722706e-08
   2.7920000e+03   2.2421364e-08
   2.7960000e+03   2.2400583e-08
   2.8000000e+03   2.0671040e-08
   2.8040000e+03   2.0224266e-08
   2.8080000e+03   2.1846361e-08
   2.8120000e+03   2.2164703e-08
   2.8160000e+03   2.3838583e-08
   2.8200000e+03   2.3088363e-08
   2.8240000e+03   2.5872801e-08
   2.8280000e+03   2.3562397e-08
   2.8320000e+03   2.4363510e-08
   2.8360000e+03   2.3335341e-08
   2.8400000e+03   2.1413866e-08
   2.8440000e+03   2.1999771e-08
   2.8480000e+03   2.2098551e-08
   2.8520000e+03   2.1187658e-08
   2.8560000e+03   2.2023993e-08
   2.8600000e+03   2.1979746e-08
   2.8640000e+03   2.0890250e-08
   2.8680000e+03   2.0481449e-08
   2.8720000e+03   2.0400638e-08
   2.8760000e+03   2.2652013e-08
   2.8800000e+03   2.1299001e-08
   2.8840000e+03   2.1023015e-08
   2.8880000e+03   2.0311784e-08
   2.8920000e+03   2.0519951e-08
   2.8960000e+03   2.1132577e-08
   2.9000000e+03   2.1166581e-08
   2.9040000e+03   2.0198333e-08
   2.9080000e+03   2.1840709e-08
   2.9120000e+03   1.9365596e-08
   2.9160000e+03   1.9248444e-08
   2.9200000e+03   1.8663869e-08
   2.9240000e+03   1.8405054e-08
   2.9280000e+03   1.9180904e-08
   2.9320000e+03   1.8118709e-08
   2.9360000e+03   1.9356528e-08
   2.9400000e+03   1.9730909e-08
   2.9440000e+03   2.0153317e-08
   2.9480000e+03   2.1371197e-08
   2.9520000e+03   2.0557309e-08
   2.9560000e+03   2.0372375e-08
   2.9600000e+03   2.2156947e-08
   2.9640000e+03   1.9230064e-08
   2.9680000e+03   1.7338549e-08
   2.9720000e+03   2.0266250e-08
   2.9760000e+03   2.0702557e-08
   2.9800000e+03   1.9372245e-08
   2.9840000e+03   2.0218398e-08
   2.9880000e+03   2.0667687e-08
   2.9920000e+03   1.8968746e-08
   2.9960000e+03   1.7512375e-08
   3.0000000e+03   1.7869623e-08
   3.0040000e+03   1.8408722e-08
   3.0080000e+03   1.9528657e-08
   3.0120000e+03   1.9680991e-08
   3.0160000e+03   1.7624402e-08
   3.0200000e+03   1.7182790e-08
   3.0240000e+03   1.7473939e-08
   3.0280000e+03   1.7090945e-08
   3.0320000e+03   1.7480646e-08
   3.0360000e+03   1.9267376e-08
   3.0400000e+03   1.9169710e-08
   3.0440000e+03   1.7169546e-08
   3.0480000e+03   1.7799809e-08
   3.0520000e+03   1.7535913e-08
   3.0560000e+03   1.9933884e-08
   3.0600000e+03   1.9497920e-08
   3.0640000e+03   1.9882236e-08
   3.0680000e+03   1.6725713e-08
   3.0720000e+03   1.8534641e-08
   3.0760000e+03   2.0844137e-08
   3.0800000e+03   1.9264603e-08
   3.0840000e+03   1.9097122e-08
   3.0880000e+03   1.8618576e-08
   3.0920000e+03   1.9382284e-08
   3.0960000e+03   1.7986599e-08
   3.1000000e+03   1.8556925e-08
   3.1040000e+03   1.8736613e-08
   3.1080000e+03   1.7997214e-08
   3.1120000e+03   1.6643431e-08
   3.1160000e+03   1.7333565e-08
   3.1200000e+03   1.7854717e-08
   3.1240000e+03   1.7282791e-08
   3.1280000e+03   1.8098200e-08
   3.1320000e+03   1.7567158e-08
   3.1360000e+03   1.7974948e-08
   3.1400000e+03   1.6881250e-08
   3.1440000e+03   1.7814740e-08
   3.1480000e+03   1.8170762e-08
   3.1520000e+03   1.8226739e-08
   3.1560000e+03   1.6097753e-08
   3.1600000e+03   1.7364761e-08
   3.1640000e+03   1.7994919e-08
   3.1680000e+03   1.7149544e-08
   3.1720000e+03   1.7135997e-08
   3.1760000e+03   1.8325921e-08
   3.1800000e+03   1.8283747e-08
   3.1840000e+03   1.7888025e-08
   3.1880000e+03   1.6951552e-08
   3.1920000e+03   1.7216084e-08
   3.1960000e+03   1.6142317e-08
   3.2000000e+03   1.7285378e-08
   3.2040000e+03   1.8133229e-08
   3.2080000e+03   1.8875835e-08
   3.2120000e+03   1.6417221e-08
   3.2160000e+03   1.7979733e-08
   3.2200000e+03   1.7451054e-08
   3.2240000e+03   1.3644047e-08
   3.2280000e+03   1.5463693e-08
   3.2320000e+03   1.5880926e-08
   3.2360000e+03   1.6225880e-08
   3.2400000e+03   1.7187916e-08
   3.2440000e+03   1.7612420e-08
   3.2480000e+03   1.7711335e-08
   3.2520000e+03   1.7169361e-08
   3.2560000e+03   1.7030474e-08
   3.2600000e+03   1.6343586e-08
   3.2640000e+03   1.5398277e-08
   3.2680000e+03   1.5741732e-08
   3.2720000e+03   1.5961340e-08
   3.2760000e+03   1.6521252e-08
   3.2800000e+03   1.6787402e-08
   3.2840000e+03   1.6929774e-08
   3.2880000e+03   1.7415298e-08
   3.2920000e+03   1.7617790e-08
   3.2960000e+03   1.8166165e-08
   3.3000000e+03   1.8132351e-08
   3.3040000e+03   1.5571062e-08
   3.3080000e+03   1.6139168e-08
   3.3120000e+03   1.5571853e-08
   3.3160000e+03   1.4333766e-08
   3.3200000e+03   1.3480967e-08
   3.3240000e+03   1.3510700e-08
   3.3280000e+03   1.4558403e-08
   3.3320000e+03   1.6508646e-08
   3.3360000e+03   1.7305361e-08
   3.3400000e+03   1.6510609e-08
   3.3440000e+03   1.6539046e-08
   3.3480000e+03   1.6310477e-08
   3.3520000e+03   1.5067697e-08
   3.3560000e+03   1.6133930e-08
   3.3600000e+03   1.4790384e-08
   3.3640000e+03   1.4203394e-08
   3.3680000e+03   1.3796206e-08
   3.3720000e+03   1.3979125e-08
   3.3760000e+03   1.5581120e-08
   3.3800000e+03   1.4526855e-08
   3.3840000e+03   1.4298937e-08
   3.3880000e+03   1.4495023e-08
   3.3920000e+03   1.5396388e-08
   3.3960000e+03   1.6591662e-08
   3.4000000e+03   1.7926306e-08
   3.4040000e+03   1.4956596e-08
   3.4080000e+03   1.5628381e-08
   3.4120000e+03   1.5050511e-08
   3.4160000e+03   1.5392146e-08
   3.4200000e+03   1.5966810e-08
   3.4240000e+03   1.4472152e-08
   3.4280000e+03   1.4922209e-08
   3.4320000e+03   1.4822483e-08
   3.4360000e+03   1.4732161e-08
   3.4400000e+03   1.5960706e-08
   3.4440000e+03   1.6331621e-08
   3.4480000e+03   1.6814043e-08
   3.4520000e+03   1.5656436e-08
   3.4560000e+03   1.3687864e-08
   3.4600000e+03   1.4937733e-08
   3.4640000e+03   1.5119148e-08
   3.4680000e+03   1.5059018e-08
   3.4720000e+03   1.5448053e-08
   3.4760000e+03   1.3778651e-08
   3.4800000e+03   1.1910189e-08
   3.4840000e+03   1.2647919e-08
   3.4880000e+03   1.5376199e-08
   3.4920000e+03   1.5877700e-08
   3.4960000e+03   1.5087532e-08
   3.5000000e+03   1.5650717e-08
   3.5040000e+03   1.3989608e-08
   3.5080000e+03   1.4720891e-08
   3.5120000e+03   1.4491372e-08
   3.5160000e+03   1.4884680e-08
   3.5200000e+03   1.5268748e-08
   3.5240000e+03   1.4953346e-08
   3.5280000e+03   1.3530758e-08
   3.5320000e+03   1.6031874e-08
   3.5360000e+03   1.5970848e-08
   3.5400000e+03   1.5135634e-08
   3.5440000e+03   1.3397838e-08
   3.5480000e+03   1.3565731e-08
   3.5520000e+03   1.5098634e-08
   3.5560000e+03   1.2753205e-08
   3.5600000e+03   1.3939674e-08
   3.5640000e+03   1.5119774e-08
   3.5680000e+03   1.4807250e-08
   3.5720000e+03   1.3866682e-08
   3.5760000e+03   1.3772555e-08
   3.5800000e+03   1.4092455e-08
   3.5840000e+03   1.4988548e-08
   3.5880000e+03   1.4918148e-08
   3.5920000e+03   1.4884511e-08
   3.5960000e+03   1.5508142e-08
   3.6000000e+03   1.4491273e-08
   3.6040000e+03   1.3387837e-08
   3.6080000e+03   1.3339594e-08
   3.6120000e+03   1.2903310e-08
   3.6160000e+03   1.3013010e-08
   3.6200000e+03   1.3315401e-08
   3.6240000e+03   1.4190884e-08
   3.6280000e+03   1.4304050e-08
   3.6320000e+03   1.4987845e-08
   3.6360000e+03   1.4032058e-08
   3.6400000e+03   1.3914066e-08
   3.6440000e+03   1.3679333e-08
   3.6480000e+03   1.2259234e-08
   3.6520000e+03   1.2287359e-08
   3.6560000e+03   1.3209371e-08
   3.6600000e+03   1.2865084e-08
   3.6640000e+03   1.4192554e-08
   3.6680000e+03   1.4096494e-08
   3.6720000e+03   1.1977509e-08
   3.6760000e+03   1.2003922e-08
   3.6800000e+03   1.3828141e-08
   3.6840000e+03   1.4602591e-08
   3.6880000e+03   1.3859148e-08
   3.6920000e+03   1.4949632e-08
   3.6960000e+03   1.2790454e-08
   3.7000000e+03   1.2653455e-08
   3.7040000e+03   1.1402905e-08
   3.7080000e+03   1.1841454e-08
   3.7120000e+03   1.3542069e-08
   3.7160000e+03   1.3358844e-08
   3.7200000e+03   1.3063095e-08
   3.7240000e+03   1.3194565e-08
   3.7280000e+03   1.2434396e-08
   3.7320000e+03   1.2407159e-08
   3.7360000e+03   1.2663578e-08
   3.7400000e+03   1.3677333e-08
   3.7440000e+03   1.4788126e-08
   3.7480000e+03   1.4231272e-08
   3.7520000e+03   1.2936471e-08
   3.7560000e+03   1.3315841e-08
   3.7600000e+03   1.2911431e-08
   3.7640000e+03   1.2181994e-08
   3.7680000e+03   1.2096375e-08
   3.7720000e+03   1.1766899e-08
   3.7760000e+03   1.1147480e-08
   3.7800000e+03   1.2125460e-08
   3.7840000e+03   1.1996932e-08
   3.7880000e+03   1.2000989e-08
   3.7920000e+03   1.1832633e-08
   3.7960000e+03   1.1962334e-08
   3.8000000e+03   1.1734348e-08
   3.8040000e+03   1.4873306e-08
   3.8080000e+03   1.3621811e-08
   3.8120000e+03   1.2159957e-08
   3.8160000e+03   1.1612351e-08
   3.8200000e+03   1.2199862e-08
   3.8240000e+03   1.3235887e-08
   3.8280000e+03   1.1692305e-08
   3.8320000e+03   1.2077430e-08
   3.8360000e+03   1.1877122e-08
   3.8400000e+03   1.3456273e-08
   3.8440000e+03   1.1827588e-08
   3.8480000e+03   1.0813311e-08
   3.8520000e+03   1.2002686e-08
   3.8560000e+03   1.1946964e-08
   3.8600000e+03   1.1487877e-08
   3.8640000e+03   1.1843812e-08
   3.8680000e+03   1.2017497e-08
   3.8720000e+03   1.3150521e-08
   3.8760000e+03   1.2961856e-08
   3.8800000e+03   1.2370137e-08
   3.8840000e+03   1.3342823e-08
   3.8880000e+03   1.3059135e-08
   3.8920000e+03   1.2719156e-08
   3.8960000e+03   1.3724863e-08
   3.9000000e+03   1.2623391e-08
   3.9040000e+03   1.2494692e-08
   3.9080000e+03   1.3645813e-08
   3.9120000e+03   1.3863102e-08
   3.9160000e+03   1.2608983e-08
   3.9200000e+03   1.1458740e-08
   3.9240000e+03   1.2151480e-08
   3.9280000e+03   1.1513591e-08
   3.9320000e+03   1.2086630e-08
   3.9360000e+03   1.2676940e-08
   3.9400000e+03   1.4278885e-08
   3.9440000e+03   1.3336676e-08
   3.9480000e+03   1.3574374e-08
   3.9520000e+03   1.2660093e-08
   3.9560000e+03   1.2919641e-08
   3.9600000e+03   1.3737325e-08
   3.9640000e+03   1.3112101e-08
   3.9680000e+03   1.2504801e-08
   3.9720000e+03   1.2094946e-08
   3.9760000e+03   1.2821794e-08
   3.9800000e+03   1.2909539e-08
   3.9840000e+03   1.2524414e-08
   3.9880000e+03   1.3195358e-08
   3.9920000e+03   1.2910953e-08
   3.9960000e+03   1.1707938e-08
   4.0000000e+03   1.1085955e-08
   4.0040000e+03   1.2038458e-08
   4.0080000e+03   1.1961036e-08
   4.0120000e+03   1.2864744e-08
   4.0160000e+03   1.0589935e-08
   4.0200000e+03   1.0132052e-08
   4.0240000e+03   1.2233797e-08
   4.0280000e+03   1.4336089e-08
   4.0320000e+03   1.2870265e-08
   4.0360000e+03   1.1370972e-08
   4.0400000e+03   1.1375453e-08
   4.0440000e+03   1.1856238e-08
   4.0480000e+03   1.1205252e-08
   4.0520000e+03   1.1442658e-08
   4.0560000e+03   1.1605030e-08
   4.0600000e+03   1.1564565e-08
   4.0640000e+03   1.3875438e-08
   4.0680000e+03   1.2384944e-08
   4.0720000e+03   1.2318315e-08
   4.0760000e+03   1.1906632e-08
   4.0800000e+03   1.2839563e-08
   4.0840000e+03   1.2110125e-08
   4.0880000e+03   1.2897678e-08
   4.0920000e+03   1.2768990e-08
   4.0960000e+03   1.3092001e-08
