%  f [Hz]          power [(mV/m)^2/Hz]   
   0.0000000e+00   1.3275566e+01
   1.5625000e-02   3.3407760e+00
   3.1250000e-02   8.8831246e-02
   4.6875000e-02   3.8727354e-02
   6.2500000e-02   2.3605193e-02
   7.8125000e-02   1.8019781e-02
   9.3750000e-02   3.0583268e-02
   1.0937500e-01   2.4776256e-02
   1.2500000e-01   1.5888027e-02
   1.4062500e-01   1.3942284e-02
   1.5625000e-01   7.5173444e-03
   1.7187500e-01   4.4673160e-03
   1.8750000e-01   5.2581940e-03
   2.0312500e-01   5.7942533e-03
   2.1875000e-01   3.3882070e-03
   2.3437500e-01   2.9810165e-03
   2.5000000e-01   2.1650806e-03
   2.6562500e-01   1.8079610e-03
   2.8125000e-01   2.5367974e-03
   2.9687500e-01   1.4889043e-03
   3.1250000e-01   1.2450175e-03
   3.2812500e-01   8.8106660e-04
   3.4375000e-01   1.2020414e-03
   3.5937500e-01   1.0151301e-03
   3.7500000e-01   9.2427206e-04
   3.9062500e-01   8.0218112e-04
   4.0625000e-01   9.9293682e-04
   4.2187500e-01   8.9337807e-04
   4.3750000e-01   1.1005867e-03
   4.5312500e-01   8.1021806e-04
   4.6875000e-01   6.0377036e-04
   4.8437500e-01   6.6133885e-04
   5.0000000e-01   7.0004882e-04
   5.1562500e-01   6.3720843e-04
   5.3125000e-01   5.4551381e-04
   5.4687500e-01   2.1923490e-04
   5.6250000e-01   3.6214774e-04
   5.7812500e-01   5.2133814e-04
   5.9375000e-01   5.3633977e-04
   6.0937500e-01   5.2412314e-04
   6.2500000e-01   3.1725678e-04
   6.4062500e-01   1.7964551e-04
   6.5625000e-01   2.0040957e-04
   6.7187500e-01   3.5730850e-04
   6.8750000e-01   3.2834782e-04
   7.0312500e-01   2.2111698e-04
   7.1875000e-01   2.0734311e-04
   7.3437500e-01   1.7967447e-04
   7.5000000e-01   1.8521615e-04
   7.6562500e-01   2.0012826e-04
   7.8125000e-01   2.5565966e-04
   7.9687500e-01   1.3258261e-04
   8.1250000e-01   2.1486468e-04
   8.2812500e-01   4.5102356e-04
   8.4375000e-01   2.2917337e-04
   8.5937500e-01   1.2180953e-04
   8.7500000e-01   1.3426647e-04
   8.9062500e-01   1.2737476e-04
   9.0625000e-01   1.6776640e-04
   9.2187500e-01   1.4351632e-04
   9.3750000e-01   1.5161733e-04
   9.5312500e-01   1.1707534e-04
   9.6875000e-01   1.3209291e-04
   9.8437500e-01   2.3801643e-04
   1.0000000e+00   9.2475124e-05
   1.0156250e+00   1.4549634e-04
   1.0312500e+00   7.3217900e-04
   1.0468750e+00   3.7898898e-04
   1.0625000e+00   1.0438350e-04
   1.0781250e+00   2.4215429e-04
   1.0937500e+00   2.2184472e-04
   1.1093750e+00   9.8485225e-05
   1.1250000e+00   2.2863143e-04
   1.1406250e+00   3.4865465e-04
   1.1562500e+00   1.0827694e-04
   1.1718750e+00   6.4450509e-05
   1.1875000e+00   8.4390183e-05
   1.2031250e+00   6.4936067e-05
   1.2187500e+00   7.1692199e-05
   1.2343750e+00   2.3280124e-04
   1.2500000e+00   2.1938718e-04
   1.2656250e+00   7.0208791e-05
   1.2812500e+00   1.5607848e-04
   1.2968750e+00   1.9437999e-04
   1.3125000e+00   7.1911919e-05
   1.3281250e+00   1.6051779e-04
   1.3437500e+00   4.2226854e-04
   1.3593750e+00   1.0252873e-04
   1.3750000e+00   4.5323568e-05
   1.3906250e+00   4.1258357e-05
   1.4062500e+00   3.7324319e-05
   1.4218750e+00   5.7283333e-05
   1.4375000e+00   9.4009352e-05
   1.4531250e+00   1.0689646e-04
   1.4687500e+00   6.5081284e-05
   1.4843750e+00   6.7954038e-05
   1.5000000e+00   9.4497155e-05
   1.5156250e+00   3.8272677e-05
   1.5312500e+00   1.1085214e-04
   1.5468750e+00   4.8785349e-04
   1.5625000e+00   2.0082791e-04
   1.5781250e+00   4.7653275e-05
   1.5937500e+00   7.0231123e-05
   1.6093750e+00   4.3820025e-05
   1.6250000e+00   2.7190175e-05
   1.6406250e+00   1.2052359e-04
   1.6562500e+00   2.3466576e-04
   1.6718750e+00   7.5794538e-05
   1.6875000e+00   6.0326285e-05
   1.7031250e+00   1.7899850e-04
   1.7187500e+00   7.0579920e-05
   1.7343750e+00   3.3473591e-05
   1.7500000e+00   4.6862931e-05
   1.7656250e+00   4.2080532e-05
   1.7812500e+00   2.6487444e-05
   1.7968750e+00   2.0541926e-05
   1.8125000e+00   2.8004450e-05
   1.8281250e+00   3.7190160e-05
   1.8437500e+00   6.1384806e-05
   1.8593750e+00   2.2361200e-04
   1.8750000e+00   9.1655718e-05
   1.8906250e+00   3.5317832e-05
   1.9062500e+00   1.1925037e-04
   1.9218750e+00   7.7089858e-05
   1.9375000e+00   2.4693676e-05
   1.9531250e+00   6.4098449e-05
   1.9687500e+00   8.0749126e-05
   1.9843750e+00   4.0426419e-05
   2.0000000e+00   8.7317492e-05
   2.0156250e+00   2.5670077e-04
   2.0312500e+00   7.2837456e-05
   2.0468750e+00   2.3277015e-05
   2.0625000e+00   9.9910378e-05
   2.0781250e+00   5.8799294e-05
   2.0937500e+00   2.5533343e-05
   2.1093750e+00   1.0103532e-04
   2.1250000e+00   1.1024212e-04
   2.1406250e+00   2.4115518e-05
   2.1562500e+00   5.3327583e-05
   2.1718750e+00   1.1302276e-04
   2.1875000e+00   3.1445496e-05
   2.2031250e+00   8.8542558e-05
   2.2187500e+00   3.7828899e-04
   2.2343750e+00   1.5559574e-04
   2.2500000e+00   2.8094941e-05
   2.2656250e+00   2.3686974e-04
   2.2812500e+00   1.9596996e-04
   2.2968750e+00   2.4179963e-05
   2.3125000e+00   3.8171544e-05
   2.3281250e+00   5.7247451e-05
   2.3437500e+00   2.1718748e-05
   2.3593750e+00   8.2856164e-05
   2.3750000e+00   3.4982054e-04
   2.3906250e+00   1.0542147e-04
   2.4062500e+00   1.5273207e-05
   2.4218750e+00   4.1989701e-05
   2.4375000e+00   2.7807209e-05
   2.4531250e+00   1.7601269e-05
   2.4687500e+00   1.7663769e-04
   2.4843750e+00   2.8355789e-04
   2.5000000e+00   4.0866177e-05
   2.5156250e+00   1.8283457e-05
   2.5312500e+00   3.5674643e-05
   2.5468750e+00   1.9179549e-05
   2.5625000e+00   2.7148872e-05
   2.5781250e+00   7.6921197e-05
   2.5937500e+00   3.0116551e-05
   2.6093750e+00   1.3829825e-05
   2.6250000e+00   2.8918550e-05
   2.6406250e+00   3.3266561e-05
   2.6562500e+00   1.1327797e-05
   2.6718750e+00   3.2206301e-05
   2.6875000e+00   5.8534996e-05
   2.7031250e+00   1.7813323e-05
   2.7187500e+00   3.0957118e-05
   2.7343750e+00   1.5192180e-04
   2.7500000e+00   6.2066260e-05
   2.7656250e+00   7.4850885e-06
   2.7812500e+00   4.2388143e-05
   2.7968750e+00   4.8761183e-05
   2.8125000e+00   1.0070032e-05
   2.8281250e+00   3.2268791e-05
   2.8437500e+00   6.3287521e-05
   2.8593750e+00   1.5563320e-05
   2.8750000e+00   1.5521370e-05
   2.8906250e+00   2.9311218e-05
   2.9062500e+00   1.8858081e-05
   2.9218750e+00   1.3541350e-05
   2.9375000e+00   1.0120695e-04
   2.9531250e+00   9.0259124e-05
   2.9687500e+00   9.9968201e-06
   2.9843750e+00   8.9119749e-05
   3.0000000e+00   1.3283172e-04
   3.0156250e+00   1.5145870e-05
   3.0312500e+00   2.9430255e-05
   3.0468750e+00   9.8765931e-05
   3.0625000e+00   3.2027087e-05
   3.0781250e+00   1.0568750e-05
   3.0937500e+00   1.2429019e-05
   3.1093750e+00   7.4941065e-06
   3.1250000e+00   1.3432994e-05
   3.1406250e+00   1.5937120e-04
   3.1562500e+00   2.1423657e-04
   3.1718750e+00   2.0547107e-05
   3.1875000e+00   1.9770065e-05
   3.2031250e+00   6.7150927e-05
   3.2187500e+00   2.6143252e-05
   3.2343750e+00   1.5951367e-05
   3.2500000e+00   6.2715391e-05
   3.2656250e+00   4.4529177e-05
   3.2812500e+00   7.6054087e-06
   3.2968750e+00   5.5704788e-06
   3.3125000e+00   8.4988269e-06
   3.3281250e+00   7.2323496e-06
   3.3437500e+00   1.8691964e-05
   3.3593750e+00   2.9354002e-05
   3.3750000e+00   1.0791879e-05
   3.3906250e+00   1.3028245e-05
   3.4062500e+00   4.0397533e-05
   3.4218750e+00   2.1855167e-05
   3.4375000e+00   6.0033634e-06
   3.4531250e+00   2.3141419e-05
   3.4687500e+00   2.6304604e-05
   3.4843750e+00   6.8616876e-06
   3.5000000e+00   4.3093074e-05
   3.5156250e+00   9.5323352e-05
   3.5312500e+00   1.5416272e-05
   3.5468750e+00   8.0292875e-06
   3.5625000e+00   9.6288479e-06
   3.5781250e+00   5.1889222e-06
   3.5937500e+00   8.2876629e-06
   3.6093750e+00   9.8083633e-05
   3.6250000e+00   7.6964011e-05
   3.6406250e+00   7.2010347e-06
   3.6562500e+00   1.6912484e-05
   3.6718750e+00   2.6578091e-05
   3.6875000e+00   1.1152487e-05
   3.7031250e+00   5.0433895e-06
   3.7187500e+00   1.2997473e-05
   3.7343750e+00   1.4274425e-05
   3.7500000e+00   1.4210701e-05
   3.7656250e+00   8.3645314e-05
   3.7812500e+00   4.5678939e-05
   3.7968750e+00   6.9294935e-06
   3.8125000e+00   2.8381895e-05
   3.8281250e+00   3.8827507e-05
   3.8437500e+00   9.0804930e-06
   3.8593750e+00   3.6792694e-05
   3.8750000e+00   1.0273921e-04
   3.8906250e+00   2.0031047e-05
   3.9062500e+00   8.7008710e-06
   3.9218750e+00   3.1630787e-05
   3.9375000e+00   1.9457605e-05
   3.9531250e+00   6.2416943e-06
   3.9687500e+00   1.2627616e-05
   3.9843750e+00   1.3944609e-05
   4.0000000e+00   5.1589169e-06
   4.0156250e+00   8.9646304e-06
   4.0312500e+00   2.0513117e-05
   4.0468750e+00   5.0310822e-06
   4.0625000e+00   1.9614433e-05
   4.0781250e+00   8.7190752e-05
   4.0937500e+00   3.2307921e-05
   4.1093750e+00   4.8371481e-06
   4.1250000e+00   1.3808336e-05
   4.1406250e+00   1.0155133e-05
   4.1562500e+00   5.1169460e-06
   4.1718750e+00   1.2514293e-05
   4.1875000e+00   2.1991294e-05
   4.2031250e+00   6.1445628e-06
   4.2187500e+00   6.8769367e-06
   4.2343750e+00   1.0522604e-05
   4.2500000e+00   4.2444949e-06
   4.2656250e+00   1.4907006e-05
   4.2812500e+00   1.0064597e-04
   4.2968750e+00   6.5826119e-05
   4.3125000e+00   8.2681473e-06
   4.3281250e+00   5.1056215e-05
   4.3437500e+00   6.5068601e-05
   4.3593750e+00   1.0288389e-05
   4.3750000e+00   2.1886481e-05
   4.3906250e+00   5.4047827e-05
   4.4062500e+00   1.5376467e-05
   4.4218750e+00   1.0794661e-05
   4.4375000e+00   6.1359413e-05
   4.4531250e+00   3.7948378e-05
   4.4687500e+00   6.5776317e-06
   4.4843750e+00   7.3986323e-06
   4.5000000e+00   5.1113753e-06
   4.5156250e+00   4.7153221e-06
   4.5312500e+00   1.1848554e-05
   4.5468750e+00   2.1379038e-05
   4.5625000e+00   7.9498780e-06
   4.5781250e+00   1.3650155e-05
   4.5937500e+00   6.0481719e-05
   4.6093750e+00   2.5597490e-05
   4.6250000e+00   4.0306532e-06
   4.6406250e+00   2.7271740e-05
   4.6562500e+00   2.9037864e-05
   4.6718750e+00   4.7411114e-06
   4.6875000e+00   1.5015144e-05
   4.7031250e+00   2.7291221e-05
   4.7187500e+00   8.4837469e-06
   4.7343750e+00   1.4124087e-05
   4.7500000e+00   8.1608500e-05
   4.7656250e+00   3.1207611e-05
   4.7812500e+00   5.1275255e-06
   4.7968750e+00   2.0106610e-05
   4.8125000e+00   1.5399092e-05
   4.8281250e+00   7.1880421e-06
   4.8437500e+00   6.4902237e-06
   4.8593750e+00   9.1208850e-06
   4.8750000e+00   5.4067332e-06
   4.8906250e+00   2.3694005e-05
   4.9062500e+00   1.0567445e-04
   4.9218750e+00   3.0955286e-05
   4.9375000e+00   2.8646775e-06
   4.9531250e+00   7.2108365e-06
   4.9687500e+00   5.5000559e-06
   4.9843750e+00   5.1533684e-06
   5.0000000e+00   3.1360785e-05
   5.0156250e+00   3.7525741e-05
   5.0312500e+00   4.7125898e-06
   5.0468750e+00   6.8853627e-06
   5.0625000e+00   1.1742437e-05
   5.0781250e+00   8.3659125e-06
   5.0937500e+00   1.3853343e-05
   5.1093750e+00   9.2183464e-05
   5.1250000e+00   5.6839011e-05
   5.1406250e+00   4.4508360e-06
   5.1562500e+00   1.6333655e-05
   5.1718750e+00   2.0664549e-05
   5.1875000e+00   4.6190842e-06
   5.2031250e+00   1.4609815e-05
   5.2187500e+00   3.4112722e-05
   5.2343750e+00   1.2307041e-05
   5.2500000e+00   4.5413500e-06
   5.2656250e+00   1.5177649e-05
   5.2812500e+00   8.2404604e-06
   5.2968750e+00   5.5739967e-06
   5.3125000e+00   7.5710915e-05
   5.3281250e+00   7.4123780e-05
   5.3437500e+00   8.2286255e-06
   5.3593750e+00   1.3443899e-05
   5.3750000e+00   2.5809292e-05
   5.3906250e+00   7.4664811e-06
   5.4062500e+00   9.2764929e-06
   5.4218750e+00   2.6157542e-05
   5.4375000e+00   8.0220896e-06
   5.4531250e+00   5.7025844e-06
   5.4687500e+00   3.7241617e-05
   5.4843750e+00   2.7287197e-05
   5.5000000e+00   3.2337542e-06
   5.5156250e+00   6.6148301e-06
   5.5312500e+00   7.2964279e-06
   5.5468750e+00   3.8852024e-06
   5.5625000e+00   6.1321176e-06
   5.5781250e+00   2.2203794e-05
   5.5937500e+00   9.2164000e-06
   5.6093750e+00   5.5893963e-06
   5.6250000e+00   2.6526649e-05
   5.6406250e+00   1.9001068e-05
   5.6562500e+00   4.4104901e-06
   5.6718750e+00   3.1196421e-05
   5.6875000e+00   3.5930315e-05
   5.7031250e+00   4.2150136e-06
   5.7187500e+00   1.1207262e-05
   5.7343750e+00   3.0484288e-05
   5.7500000e+00   6.6615771e-06
   5.7656250e+00   9.2806987e-06
   5.7812500e+00   5.5765297e-05
   5.7968750e+00   2.9295416e-05
   5.8125000e+00   3.8116153e-06
   5.8281250e+00   4.1951158e-05
   5.8437500e+00   5.0320013e-05
   5.8593750e+00   4.2032090e-06
   5.8750000e+00   1.4836006e-05
   5.8906250e+00   3.5486186e-05
   5.9062500e+00   9.3666132e-06
   5.9218750e+00   3.9039063e-06
   5.9375000e+00   3.4416584e-06
   5.9531250e+00   2.3371251e-06
   5.9687500e+00   3.8893074e-06
   5.9843750e+00   3.1471937e-05
   6.0000000e+00   2.6330129e-05
   6.0156250e+00   3.3211447e-06
   6.0312500e+00   1.0572713e-05
   6.0468750e+00   1.8158246e-05
   6.0625000e+00   5.0768279e-06
   6.0781250e+00   1.3170740e-05
   6.0937500e+00   5.3069074e-05
   6.1093750e+00   1.6986863e-05
   6.1250000e+00   6.1103808e-06
   6.1406250e+00   5.6762900e-05
   6.1562500e+00   4.3918188e-05
   6.1718750e+00   5.9390423e-06
   6.1875000e+00   2.8931441e-05
   6.2031250e+00   4.7525714e-05
   6.2187500e+00   6.2785692e-06
   6.2343750e+00   2.2557368e-05
   6.2500000e+00   9.0150159e-05
   6.2656250e+00   2.5040984e-05
   6.2812500e+00   3.3552426e-06
   6.2968750e+00   1.0646600e-05
   6.3125000e+00   9.3363831e-06
   6.3281250e+00   3.9281576e-06
   6.3437500e+00   3.5306304e-05
   6.3593750e+00   4.5821384e-05
   6.3750000e+00   4.4553908e-06
   6.3906250e+00   2.7123867e-06
   6.4062500e+00   2.7796318e-06
   6.4218750e+00   2.7086323e-06
   6.4375000e+00   5.5502193e-06
   6.4531250e+00   2.2466848e-05
   6.4687500e+00   9.3575527e-06
   6.4843750e+00   4.2912093e-06
   6.5000000e+00   3.6423194e-05
   6.5156250e+00   3.6849857e-05
   6.5312500e+00   4.7111041e-06
   6.5468750e+00   1.2201124e-05
   6.5625000e+00   2.5766744e-05
   6.5781250e+00   4.8675697e-06
   6.5937500e+00   6.4095254e-06
   6.6093750e+00   2.6870190e-05
   6.6250000e+00   9.6696430e-06
   6.6406250e+00   5.5070406e-06
   6.6562500e+00   6.0044843e-05
   6.6718750e+00   4.9794883e-05
   6.6875000e+00   6.6987504e-06
   6.7031250e+00   1.0052883e-04
   6.7187500e+00   1.8752442e-04
   6.7343750e+00   2.4466200e-05
   6.7500000e+00   2.0539061e-05
   6.7656250e+00   7.5404752e-05
   6.7812500e+00   2.1664839e-05
   6.7968750e+00   3.5975551e-06
   6.8125000e+00   2.1986031e-05
   6.8281250e+00   1.6186167e-05
   6.8437500e+00   3.9329884e-06
   6.8593750e+00   5.9963853e-05
   6.8750000e+00   8.1221116e-05
   6.8906250e+00   7.2923786e-06
   6.9062500e+00   2.0714547e-06
   6.9218750e+00   2.8386243e-06
   6.9375000e+00   1.9800659e-06
   6.9531250e+00   3.6224990e-06
   6.9687500e+00   8.8169842e-06
   6.9843750e+00   5.8479676e-06
   7.0000000e+00   3.7698320e-06
   7.0156250e+00   2.7703287e-05
   7.0312500e+00   3.5127570e-05
   7.0468750e+00   6.3083711e-06
   7.0625000e+00   5.3422215e-06
   7.0781250e+00   5.0918648e-06
   7.0937500e+00   3.1621511e-06
   7.1093750e+00   7.7797498e-06
   7.1250000e+00   2.1030139e-05
   7.1406250e+00   8.9917530e-06
   7.1562500e+00   3.2192099e-06
   7.1718750e+00   2.0219092e-05
   7.1875000e+00   1.9959821e-05
   7.2031250e+00   3.7389738e-06
   7.2187500e+00   1.1471416e-05
   7.2343750e+00   1.6190404e-05
   7.2500000e+00   4.0795534e-06
   7.2656250e+00   3.0801801e-06
   7.2812500e+00   1.1153820e-05
   7.2968750e+00   5.8834517e-06
   7.3125000e+00   4.6713749e-06
   7.3281250e+00   2.1444464e-05
   7.3437500e+00   1.5073522e-05
   7.3593750e+00   2.5494995e-06
   7.3750000e+00   1.2527815e-05
   7.3906250e+00   2.2921884e-05
   7.4062500e+00   5.8696793e-06
   7.4218750e+00   1.6211283e-05
   7.4375000e+00   6.4447511e-05
   7.4531250e+00   1.8566458e-05
   7.4687500e+00   3.6999583e-06
   7.4843750e+00   1.8080590e-05
   7.5000000e+00   1.1942750e-05
   7.5156250e+00   1.5099349e-06
   7.5312500e+00   3.8015722e-06
   7.5468750e+00   4.9934845e-06
   7.5625000e+00   2.4906646e-06
   7.5781250e+00   5.0109224e-06
   7.5937500e+00   1.0565228e-05
   7.6093750e+00   4.2018910e-06
   7.6250000e+00   3.3746497e-06
   7.6406250e+00   7.6362010e-06
   7.6562500e+00   5.1496163e-06
   7.6718750e+00   2.1767488e-06
   7.6875000e+00   1.3138020e-05
   7.7031250e+00   1.3100697e-05
   7.7187500e+00   2.2234546e-06
   7.7343750e+00   2.2826580e-05
   7.7500000e+00   5.8765305e-05
   7.7656250e+00   1.2278044e-05
   7.7812500e+00   8.7369169e-06
   7.7968750e+00   5.0612192e-05
   7.8125000e+00   2.6872282e-05
   7.8281250e+00   4.2929339e-06
   7.8437500e+00   1.5492844e-05
   7.8593750e+00   1.4209520e-05
   7.8750000e+00   1.5458554e-06
   7.8906250e+00   3.7981120e-06
   7.9062500e+00   5.5682580e-06
   7.9218750e+00   3.9377644e-06
   7.9375000e+00   3.5228773e-06
   7.9531250e+00   4.5477863e-06
   7.9687500e+00   4.2394941e-06
   7.9843750e+00   3.6332978e-06
   8.0000000e+00   1.0904899e-05
   8.0156250e+00   7.2406869e-06
   8.0312500e+00   3.4326336e-06
   8.0468750e+00   1.4105889e-05
   8.0625000e+00   1.9010469e-05
   8.0781250e+00   3.9014150e-06
   8.0937500e+00   9.5618455e-06
   8.1093750e+00   2.6584201e-05
   8.1250000e+00   7.1072880e-06
   8.1406250e+00   5.4537805e-06
   8.1562500e+00   1.6351844e-05
   8.1718750e+00   8.4168531e-06
   8.1875000e+00   2.7026329e-06
   8.2031250e+00   8.5122174e-06
   8.2187500e+00   1.2157236e-05
   8.2343750e+00   3.4911471e-06
   8.2500000e+00   5.6367921e-06
   8.2656250e+00   1.2752639e-05
   8.2812500e+00   3.9488644e-06
   8.2968750e+00   3.7706875e-06
   8.3125000e+00   2.5962002e-05
   8.3281250e+00   1.1309751e-05
   8.3437500e+00   3.0799546e-06
   8.3593750e+00   1.7540576e-05
   8.3750000e+00   1.8485038e-05
   8.3906250e+00   1.6648183e-06
   8.4062500e+00   8.3537406e-06
   8.4218750e+00   1.3067859e-05
   8.4375000e+00   3.5848402e-06
   8.4531250e+00   4.9356445e-06
   8.4687500e+00   1.7562754e-05
   8.4843750e+00   6.6500797e-06
   8.5000000e+00   3.3557510e-06
   8.5156250e+00   1.1894568e-05
   8.5312500e+00   1.0463792e-05
   8.5468750e+00   1.9467751e-06
   8.5625000e+00   3.0834486e-06
   8.5781250e+00   4.8761354e-06
   8.5937500e+00   2.1080482e-06
   8.6093750e+00   8.5340599e-06
   8.6250000e+00   2.8102311e-05
   8.6406250e+00   9.8967632e-06
   8.6562500e+00   2.2868394e-06
   8.6718750e+00   2.7936956e-06
   8.6875000e+00   3.1870196e-06
   8.7031250e+00   1.3274164e-06
   8.7187500e+00   1.9221340e-06
   8.7343750e+00   2.8676414e-06
   8.7500000e+00   1.9334490e-06
   8.7656250e+00   5.2358918e-06
   8.7812500e+00   1.2437093e-05
   8.7968750e+00   5.5985958e-06
   8.8125000e+00   4.6249126e-06
   8.8281250e+00   2.8410125e-05
   8.8437500e+00   1.7129981e-05
   8.8593750e+00   4.6075058e-06
   8.8750000e+00   3.0081312e-05
   8.8906250e+00   3.5512829e-05
   8.9062500e+00   3.4315287e-06
   8.9218750e+00   1.7792841e-06
   8.9375000e+00   2.8163299e-06
   8.9531250e+00   1.7320207e-06
   8.9687500e+00   3.5031890e-06
   8.9843750e+00   1.0981724e-05
   9.0000000e+00   4.6709395e-06
   9.0156250e+00   2.8966931e-06
   9.0312500e+00   1.6171678e-05
   9.0468750e+00   1.5247623e-05
   9.0625000e+00   1.4950008e-06
   9.0781250e+00   5.5877718e-06
   9.0937500e+00   1.1695162e-05
   9.1093750e+00   3.7990409e-06
   9.1250000e+00   1.1719406e-05
   9.1406250e+00   5.8976834e-05
   9.1562500e+00   2.0903326e-05
   9.1718750e+00   2.5487987e-06
   9.1875000e+00   1.0392339e-05
   9.2031250e+00   7.4451171e-06
   9.2187500e+00   2.0219455e-06
   9.2343750e+00   1.0293386e-05
   9.2500000e+00   1.8357145e-05
   9.2656250e+00   3.7996253e-06
   9.2812500e+00   3.1597563e-06
   9.2968750e+00   9.4040443e-06
   9.3125000e+00   5.0939416e-06
   9.3281250e+00   3.7843966e-06
   9.3437500e+00   1.3752838e-05
   9.3593750e+00   8.8095710e-06
   9.3750000e+00   2.2956234e-06
   9.3906250e+00   6.7456270e-06
   9.4062500e+00   9.1907135e-06
   9.4218750e+00   2.2471435e-06
   9.4375000e+00   1.6424160e-05
   9.4531250e+00   4.6624405e-05
   9.4687500e+00   1.1971574e-05
   9.4843750e+00   2.4419111e-06
   9.5000000e+00   1.0432790e-05
   9.5156250e+00   5.5850042e-06
   9.5312500e+00   1.6852008e-06
   9.5468750e+00   1.3421300e-05
   9.5625000e+00   1.2470617e-05
   9.5781250e+00   2.5458325e-06
   9.5937500e+00   3.4037424e-06
   9.6093750e+00   6.4439200e-06
   9.6250000e+00   2.4720956e-06
   9.6406250e+00   1.9806266e-06
   9.6562500e+00   2.1556001e-06
   9.6718750e+00   9.0689705e-07
   9.6875000e+00   2.7081375e-06
   9.7031250e+00   2.8523152e-05
   9.7187500e+00   2.3814749e-05
   9.7343750e+00   2.8166358e-06
   9.7500000e+00   1.2405610e-05
   9.7656250e+00   2.3618618e-05
   9.7812500e+00   3.4770807e-06
   9.7968750e+00   3.8917246e-06
   9.8125000e+00   7.6455420e-06
   9.8281250e+00   2.7603890e-06
   9.8437500e+00   1.4228448e-06
   9.8593750e+00   1.8495725e-06
   9.8750000e+00   1.6293402e-06
   9.8906250e+00   1.2849805e-06
   9.9062500e+00   2.1507058e-06
   9.9218750e+00   2.8924938e-06
   9.9375000e+00   1.9108482e-06
   9.9531250e+00   3.4433579e-06
   9.9687500e+00   1.2174439e-05
   9.9843750e+00   4.7206172e-06
   1.0000000e+01   1.4919234e-06
   1.0015625e+01   4.2397150e-06
   1.0031250e+01   3.9412276e-06
   1.0046875e+01   1.5487000e-06
   1.0062500e+01   4.1247807e-06
   1.0078125e+01   6.3510359e-06
   1.0093750e+01   1.8760006e-06
   1.0109375e+01   2.6096866e-06
   1.0125000e+01   7.7287777e-06
   1.0140625e+01   2.3605051e-06
   1.0156250e+01   2.1735684e-06
   1.0171875e+01   6.4870035e-06
   1.0187500e+01   4.8156878e-06
   1.0203125e+01   3.0404260e-06
   1.0218750e+01   1.1155037e-05
   1.0234375e+01   1.1071396e-05
   1.0250000e+01   2.2223596e-06
   1.0265625e+01   8.9408006e-06
   1.0281250e+01   1.5560114e-05
   1.0296875e+01   3.9606430e-06
   1.0312500e+01   2.3233014e-06
   1.0328125e+01   5.9134844e-06
   1.0343750e+01   3.3328274e-06
   1.0359375e+01   1.0260766e-06
   1.0375000e+01   4.0321951e-06
   1.0390625e+01   4.0095894e-06
   1.0406250e+01   2.4453169e-06
   1.0421875e+01   2.9415194e-06
   1.0437500e+01   5.2547478e-06
   1.0453125e+01   1.7687014e-06
   1.0468750e+01   4.0360481e-06
   1.0484375e+01   9.3346739e-06
   1.0500000e+01   2.7529348e-06
   1.0515625e+01   2.1258511e-06
   1.0531250e+01   6.2588328e-06
   1.0546875e+01   5.1043201e-06
   1.0562500e+01   1.9947958e-06
   1.0578125e+01   3.7377921e-06
   1.0593750e+01   3.6368867e-06
   1.0609375e+01   2.0605397e-06
   1.0625000e+01   2.4603823e-06
   1.0640625e+01   1.9730005e-06
   1.0656250e+01   2.0533859e-06
   1.0671875e+01   3.3763723e-06
   1.0687500e+01   2.7749099e-06
   1.0703125e+01   2.0162893e-06
   1.0718750e+01   1.0462221e-06
   1.0734375e+01   3.7382658e-06
   1.0750000e+01   4.9119648e-06
   1.0765625e+01   1.7740580e-06
   1.0781250e+01   6.6777709e-06
   1.0796875e+01   1.5115827e-05
   1.0812500e+01   3.8314799e-06
   1.0828125e+01   3.0987249e-06
   1.0843750e+01   1.9219648e-05
   1.0859375e+01   9.1323357e-06
   1.0875000e+01   1.4101645e-06
   1.0890625e+01   4.6147209e-06
   1.0906250e+01   5.6565354e-06
   1.0921875e+01   2.1808105e-06
   1.0937500e+01   1.9102194e-06
   1.0953125e+01   3.4932043e-06
   1.0968750e+01   2.4960563e-06
   1.0984375e+01   1.6002429e-06
   1.1000000e+01   2.0755084e-06
   1.1015625e+01   2.4092562e-06
   1.1031250e+01   1.4668777e-06
   1.1046875e+01   2.0287358e-06
   1.1062500e+01   1.5063724e-06
   1.1078125e+01   1.3165827e-06
   1.1093750e+01   4.3828469e-06
   1.1109375e+01   5.4974377e-06
   1.1125000e+01   1.9752763e-06
   1.1140625e+01   4.1439038e-06
   1.1156250e+01   1.2702600e-05
   1.1171875e+01   4.6277533e-06
   1.1187500e+01   1.0988648e-06
   1.1203125e+01   3.6076730e-06
   1.1218750e+01   2.8546897e-06
   1.1234375e+01   2.2057536e-06
   1.1250000e+01   4.3081324e-06
   1.1265625e+01   4.8544254e-06
   1.1281250e+01   2.6339202e-06
   1.1296875e+01   1.6796691e-06
   1.1312500e+01   2.6155689e-06
   1.1328125e+01   1.7850637e-06
   1.1343750e+01   1.3810499e-06
   1.1359375e+01   2.3901762e-06
   1.1375000e+01   2.2713791e-06
   1.1390625e+01   1.3658454e-06
   1.1406250e+01   3.2682656e-06
   1.1421875e+01   4.4659572e-06
   1.1437500e+01   1.3210267e-06
   1.1453125e+01   1.2732697e-06
   1.1468750e+01   4.5013039e-06
   1.1484375e+01   2.5668784e-06
   1.1500000e+01   1.4323214e-06
   1.1515625e+01   1.2175138e-06
   1.1531250e+01   1.2611678e-06
   1.1546875e+01   1.7713650e-06
   1.1562500e+01   6.1558525e-06
   1.1578125e+01   4.1050559e-06
   1.1593750e+01   9.5730676e-07
   1.1609375e+01   1.5455797e-06
   1.1625000e+01   2.0257642e-06
   1.1640625e+01   1.3096970e-06
   1.1656250e+01   1.7722876e-06
   1.1671875e+01   1.6244640e-06
   1.1687500e+01   1.7466152e-06
   1.1703125e+01   1.6768705e-06
   1.1718750e+01   1.0211574e-05
   1.1734375e+01   8.9759371e-06
   1.1750000e+01   1.1629440e-06
   1.1765625e+01   2.8328158e-06
   1.1781250e+01   4.0959560e-06
   1.1796875e+01   1.0003876e-06
   1.1812500e+01   3.1024786e-06
   1.1828125e+01   1.0704569e-05
   1.1843750e+01   4.2318447e-06
   1.1859375e+01   1.9517206e-06
   1.1875000e+01   1.7411692e-05
   1.1890625e+01   1.1373597e-05
   1.1906250e+01   1.7686516e-06
   1.1921875e+01   5.3795439e-06
   1.1937500e+01   6.1985247e-06
   1.1953125e+01   2.0124638e-06
   1.1968750e+01   2.2213147e-06
   1.1984375e+01   3.7844422e-06
   1.2000000e+01   1.6786131e-06
   1.2015625e+01   2.1873380e-06
   1.2031250e+01   3.9174828e-06
   1.2046875e+01   2.4120424e-06
   1.2062500e+01   1.2501614e-06
   1.2078125e+01   3.3124787e-06
   1.2093750e+01   4.2863901e-06
   1.2109375e+01   8.5098335e-07
   1.2125000e+01   1.9871076e-06
   1.2140625e+01   3.8642203e-06
   1.2156250e+01   1.3945481e-06
   1.2171875e+01   7.3867827e-07
   1.2187500e+01   1.4763355e-06
   1.2203125e+01   1.2394043e-06
   1.2218750e+01   1.9281378e-06
   1.2234375e+01   6.4685553e-06
   1.2250000e+01   4.7310950e-06
   1.2265625e+01   1.0219822e-06
   1.2281250e+01   1.9611635e-06
   1.2296875e+01   1.9650854e-06
   1.2312500e+01   1.0222628e-06
   1.2328125e+01   2.1437886e-06
   1.2343750e+01   7.1815685e-06
   1.2359375e+01   3.1932975e-06
   1.2375000e+01   1.1854115e-06
   1.2390625e+01   3.7482518e-06
   1.2406250e+01   3.2017059e-06
   1.2421875e+01   1.8943500e-06
   1.2437500e+01   2.6123511e-06
   1.2453125e+01   3.4194281e-06
   1.2468750e+01   1.1586288e-06
   1.2484375e+01   2.0068084e-06
   1.2500000e+01   4.3900889e-06
   1.2515625e+01   1.9174716e-06
   1.2531250e+01   1.1814556e-06
   1.2546875e+01   1.0744261e-06
   1.2562500e+01   8.7045973e-07
   1.2578125e+01   7.8546321e-07
   1.2593750e+01   2.6558419e-06
   1.2609375e+01   3.1271896e-06
   1.2625000e+01   1.1921121e-06
   1.2640625e+01   1.1380476e-06
   1.2656250e+01   7.9094102e-07
   1.2671875e+01   7.1735915e-07
   1.2687500e+01   1.3672946e-06
   1.2703125e+01   2.7880576e-06
   1.2718750e+01   1.8744296e-06
   1.2734375e+01   1.5624879e-06
   1.2750000e+01   3.7076380e-06
   1.2765625e+01   2.9396593e-06
   1.2781250e+01   1.2407696e-06
   1.2796875e+01   2.0118451e-06
   1.2812500e+01   3.2555013e-06
   1.2828125e+01   1.7597243e-06
   1.2843750e+01   1.4463760e-06
   1.2859375e+01   2.8455195e-06
   1.2875000e+01   1.8482505e-06
   1.2890625e+01   1.7493400e-06
   1.2906250e+01   2.2021305e-06
   1.2921875e+01   2.1092271e-06
   1.2937500e+01   1.4740200e-06
   1.2953125e+01   2.4152030e-06
   1.2968750e+01   2.5916925e-06
   1.2984375e+01   1.3011393e-06
   1.3000000e+01   9.4136413e-07
   1.3015625e+01   1.1670527e-06
   1.3031250e+01   1.2273527e-06
   1.3046875e+01   1.5575480e-06
   1.3062500e+01   1.6217033e-06
   1.3078125e+01   1.6148429e-06
   1.3093750e+01   1.4203892e-06
   1.3109375e+01   1.9222390e-06
   1.3125000e+01   2.1557376e-06
   1.3140625e+01   8.1845444e-07
   1.3156250e+01   1.3435905e-06
   1.3171875e+01   1.9464827e-06
   1.3187500e+01   1.2772054e-06
   1.3203125e+01   1.8829831e-06
   1.3218750e+01   2.0261388e-06
   1.3234375e+01   1.6338177e-06
   1.3250000e+01   1.0973935e-06
   1.3265625e+01   2.7891338e-06
   1.3281250e+01   2.3023685e-06
   1.3296875e+01   1.2069566e-06
   1.3312500e+01   1.0077359e-06
   1.3328125e+01   1.8721353e-06
   1.3343750e+01   1.6810926e-06
   1.3359375e+01   1.2248543e-06
   1.3375000e+01   2.1093967e-06
   1.3390625e+01   1.5745301e-06
   1.3406250e+01   1.3945787e-06
   1.3421875e+01   1.9251587e-06
   1.3437500e+01   1.4388500e-06
   1.3453125e+01   6.8987707e-07
   1.3468750e+01   1.5788096e-06
   1.3484375e+01   2.2355581e-06
   1.3500000e+01   1.0486084e-06
   1.3515625e+01   1.0149370e-06
   1.3531250e+01   1.3872833e-06
   1.3546875e+01   1.5912664e-06
   1.3562500e+01   1.4547301e-06
   1.3578125e+01   1.1794522e-06
   1.3593750e+01   9.6601620e-07
   1.3609375e+01   6.2339484e-07
   1.3625000e+01   1.3515183e-06
   1.3640625e+01   1.5286102e-06
   1.3656250e+01   1.1956285e-06
   1.3671875e+01   1.7664009e-06
   1.3687500e+01   3.5041058e-06
   1.3703125e+01   1.6823752e-06
   1.3718750e+01   8.7810460e-07
   1.3734375e+01   9.0661236e-07
   1.3750000e+01   1.0578630e-06
   1.3765625e+01   2.1816195e-06
   1.3781250e+01   3.1086234e-06
   1.3796875e+01   2.1727050e-06
   1.3812500e+01   1.0228700e-06
   1.3828125e+01   1.2471480e-06
   1.3843750e+01   2.2331275e-06
   1.3859375e+01   1.1506110e-06
   1.3875000e+01   1.3719391e-06
   1.3890625e+01   1.2550144e-06
   1.3906250e+01   2.0417163e-06
   1.3921875e+01   1.3633429e-06
   1.3937500e+01   2.2746315e-06
   1.3953125e+01   2.2363191e-06
   1.3968750e+01   1.7337892e-06
   1.3984375e+01   1.5896570e-06
   1.4000000e+01   1.1139337e-06
   1.4015625e+01   1.3418710e-06
   1.4031250e+01   1.8290452e-06
   1.4046875e+01   1.6771943e-06
   1.4062500e+01   1.2892836e-06
   1.4078125e+01   1.0064300e-06
   1.4093750e+01   8.2393113e-07
   1.4109375e+01   6.7133408e-07
   1.4125000e+01   1.4563998e-06
   1.4140625e+01   1.7546954e-06
   1.4156250e+01   1.3327145e-06
   1.4171875e+01   1.2748460e-06
   1.4187500e+01   1.0906210e-06
   1.4203125e+01   1.5612737e-06
   1.4218750e+01   1.5643351e-06
   1.4234375e+01   1.5015227e-06
   1.4250000e+01   2.3842031e-06
   1.4265625e+01   2.3570676e-06
   1.4281250e+01   1.4691837e-06
   1.4296875e+01   2.2292307e-06
   1.4312500e+01   2.1689194e-06
   1.4328125e+01   1.4063189e-06
   1.4343750e+01   1.8597129e-06
   1.4359375e+01   1.9707490e-06
   1.4375000e+01   1.5453793e-06
   1.4390625e+01   9.9062317e-07
   1.4406250e+01   1.7187808e-06
   1.4421875e+01   2.4743057e-06
   1.4437500e+01   1.4862070e-06
   1.4453125e+01   1.4513859e-06
   1.4468750e+01   1.4887051e-06
   1.4484375e+01   1.1563896e-06
   1.4500000e+01   8.8720143e-07
   1.4515625e+01   1.6609971e-06
   1.4531250e+01   7.3932375e-07
   1.4546875e+01   8.7366762e-07
   1.4562500e+01   1.5166563e-06
   1.4578125e+01   1.1608784e-06
   1.4593750e+01   1.0200357e-06
   1.4609375e+01   1.0412808e-06
   1.4625000e+01   1.1928412e-06
   1.4640625e+01   1.2132984e-06
   1.4656250e+01   9.1127639e-07
   1.4671875e+01   8.8436292e-07
   1.4687500e+01   1.2839936e-06
   1.4703125e+01   9.0351950e-07
   1.4718750e+01   2.2588142e-06
   1.4734375e+01   1.6037579e-06
   1.4750000e+01   1.2030194e-06
   1.4765625e+01   1.9067614e-06
   1.4781250e+01   1.3414102e-06
   1.4796875e+01   1.0257167e-06
   1.4812500e+01   1.6380564e-06
   1.4828125e+01   1.9219309e-06
   1.4843750e+01   1.2320367e-06
   1.4859375e+01   8.5071648e-07
   1.4875000e+01   9.0247112e-07
   1.4890625e+01   1.2550598e-06
   1.4906250e+01   1.1147688e-06
   1.4921875e+01   9.3398283e-07
   1.4937500e+01   9.6620542e-07
   1.4953125e+01   1.4580334e-06
   1.4968750e+01   1.8592799e-06
   1.4984375e+01   1.4903867e-06
   1.5000000e+01   7.1254219e-07
   1.5015625e+01   1.0926832e-06
   1.5031250e+01   1.2583228e-06
   1.5046875e+01   9.5795735e-07
   1.5062500e+01   1.6960625e-06
   1.5078125e+01   1.8665755e-06
   1.5093750e+01   9.2391922e-07
   1.5109375e+01   6.4989528e-07
   1.5125000e+01   7.8711650e-07
   1.5140625e+01   1.1291320e-06
   1.5156250e+01   1.1123569e-06
   1.5171875e+01   1.1973164e-06
   1.5187500e+01   1.1960799e-06
   1.5203125e+01   1.6983313e-06
   1.5218750e+01   1.7053003e-06
   1.5234375e+01   1.7873389e-06
   1.5250000e+01   1.2443983e-06
   1.5265625e+01   1.6621640e-06
   1.5281250e+01   1.0217200e-06
   1.5296875e+01   1.2717102e-06
   1.5312500e+01   1.5312435e-06
   1.5328125e+01   1.8137799e-06
   1.5343750e+01   2.9348254e-06
   1.5359375e+01   2.8375203e-06
   1.5375000e+01   1.9830394e-06
   1.5390625e+01   1.7295041e-06
   1.5406250e+01   1.2784824e-06
   1.5421875e+01   1.3744038e-06
   1.5437500e+01   1.3709904e-06
   1.5453125e+01   1.4092521e-06
   1.5468750e+01   1.6248934e-06
   1.5484375e+01   1.4261134e-06
   1.5500000e+01   1.6803926e-06
   1.5515625e+01   1.7679014e-06
   1.5531250e+01   1.6893551e-06
   1.5546875e+01   1.9020690e-06
   1.5562500e+01   1.1244020e-06
   1.5578125e+01   7.0008193e-07
   1.5593750e+01   1.8113347e-06
   1.5609375e+01   1.5511984e-06
   1.5625000e+01   1.3722435e-06
   1.5640625e+01   1.2265397e-06
   1.5656250e+01   7.7009502e-07
   1.5671875e+01   8.3773933e-07
   1.5687500e+01   1.1294751e-06
   1.5703125e+01   1.0753391e-06
   1.5718750e+01   9.8552716e-07
   1.5734375e+01   6.8589717e-07
   1.5750000e+01   1.2532015e-06
   1.5765625e+01   1.9025558e-06
   1.5781250e+01   1.0534725e-06
   1.5796875e+01   1.0290958e-06
   1.5812500e+01   1.3562419e-06
   1.5828125e+01   1.8168739e-06
   1.5843750e+01   1.3872942e-06
   1.5859375e+01   1.2580953e-06
   1.5875000e+01   1.5453247e-06
   1.5890625e+01   1.5726528e-06
   1.5906250e+01   1.6509094e-06
   1.5921875e+01   1.1861380e-06
   1.5937500e+01   1.0323140e-06
   1.5953125e+01   1.2653754e-06
   1.5968750e+01   1.8305825e-06
   1.5984375e+01   2.0439674e-06
   1.6000000e+01   8.4714199e-07
