% event from 2010-01-04 01:00 THEMIS-B EFI burst
%       f [Hz]       power [(mV/m)^2/Hz]
      2.00000     0.021401645
      6.00000    0.0054944074
      10.0000  4.7765023e-006
      14.0000  6.9266569e-007
      18.0000  3.5906057e-007
      22.0000  2.3142712e-007
      26.0000  1.3114122e-007
      30.0000  1.0965858e-007
      34.0000  1.1176556e-007
      38.0000  1.2697783e-007
      42.0000  9.0977164e-008
      46.0000  6.2454049e-008
      50.0000  7.2676782e-008
      54.0000  7.0788866e-008
      58.0000  7.0343162e-008
      62.0000  6.8450524e-008
      66.0000  4.5694489e-008
      70.0000  4.4429810e-008
      74.0000  4.3571723e-008
      78.0000  3.7774364e-008
      82.0000  4.1003068e-008
      86.0000  4.4930575e-008
      90.0000  4.6419681e-008
      94.0000  3.9636479e-008
      98.0000  3.2158158e-008
      102.000  2.9836277e-008
      106.000  3.1461894e-008
      110.000  3.5316892e-008
      114.000  4.4487379e-008
      118.000  3.2559949e-008
      122.000  2.9071267e-008
      126.000  3.4558799e-008
      130.000  4.1664525e-008
      134.000  3.6698140e-008
      138.000  3.4564320e-008
      142.000  3.7317147e-008
      146.000  4.4610260e-008
      150.000  4.1244390e-008
      154.000  4.9975550e-008
      158.000  7.4937219e-008
      162.000  1.0906647e-007
      166.000  1.1141260e-007
      170.000  5.2686236e-008
      174.000  3.9073018e-008
      178.000  4.3478190e-008
      182.000  3.3771765e-008
      186.000  3.0911140e-008
      190.000  3.5557918e-008
      194.000  4.0284663e-008
      198.000  4.2433582e-008
      202.000  4.2548107e-008
      206.000  3.5826800e-008
      210.000  3.4440101e-008
      214.000  3.2619004e-008
      218.000  3.4693311e-008
      222.000  3.8627258e-008
      226.000  3.7646655e-008
      230.000  3.3955771e-008
      234.000  3.3633983e-008
      238.000  3.8823480e-008
      242.000  4.3094493e-008
      246.000  3.8860844e-008
      250.000  3.8098933e-008
      254.000  3.9251191e-008
      258.000  4.2971870e-008
      262.000  4.0936755e-008
      266.000  4.0081120e-008
      270.000  3.9033433e-008
      274.000  4.2860405e-008
      278.000  4.2622968e-008
      282.000  4.2929972e-008
      286.000  4.4707887e-008
      290.000  4.7503423e-008
      294.000  4.6342760e-008
      298.000  4.7365304e-008
      302.000  4.5498112e-008
      306.000  5.1990186e-008
      310.000  8.9596643e-008
      314.000  1.2239617e-007
      318.000  7.6561955e-008
      322.000  1.3729230e-007
      326.000  1.9607872e-007
      330.000  1.4454605e-007
      334.000  6.2934314e-008
      338.000  5.3704839e-008
      342.000  4.9388143e-008
      346.000  4.6954226e-008
      350.000  4.8364360e-008
      354.000  4.8945415e-008
      358.000  4.5263070e-008
      362.000  4.8220332e-008
      366.000  4.9331851e-008
      370.000  5.0280771e-008
      374.000  4.4759292e-008
      378.000  4.2435493e-008
      382.000  4.2291623e-008
      386.000  4.8728431e-008
      390.000  4.4808033e-008
      394.000  3.9084058e-008
      398.000  3.8515742e-008
      402.000  3.8192999e-008
      406.000  3.8372075e-008
      410.000  4.1931766e-008
      414.000  4.1556692e-008
      418.000  4.1612063e-008
      422.000  3.8432659e-008
      426.000  3.8706788e-008
      430.000  3.7639395e-008
      434.000  4.1647877e-008
      438.000  3.7334780e-008
      442.000  3.3984152e-008
      446.000  3.5390767e-008
      450.000  3.3001234e-008
      454.000  3.5215161e-008
      458.000  3.9849546e-008
      462.000  4.2249508e-008
      466.000  4.0512134e-008
      470.000  3.9739785e-008
      474.000  3.4307255e-008
      478.000  3.3278661e-008
      482.000  3.7494397e-008
      486.000  3.4573966e-008
      490.000  3.7663442e-008
      494.000  4.0461629e-008
      498.000  3.3309916e-008
      502.000  3.3193040e-008
      506.000  3.3329136e-008
      510.000  3.2823775e-008
      514.000  3.2028040e-008
      518.000  3.1868374e-008
      522.000  3.2064036e-008
      526.000  3.0217095e-008
      530.000  2.9927680e-008
      534.000  2.7954422e-008
      538.000  2.8680723e-008
      542.000  2.9550636e-008
      546.000  3.0168456e-008
      550.000  2.9411805e-008
      554.000  3.0063120e-008
      558.000  3.1412280e-008
      562.000  3.2720405e-008
      566.000  3.1717339e-008
      570.000  3.1169523e-008
      574.000  3.0161388e-008
      578.000  2.8749658e-008
      582.000  3.0466812e-008
      586.000  3.1102388e-008
      590.000  3.1414107e-008
      594.000  3.4401846e-008
      598.000  3.6582099e-008
      602.000  3.3769163e-008
      606.000  3.2401529e-008
      610.000  3.0869276e-008
      614.000  3.1925019e-008
      618.000  3.4258623e-008
      622.000  4.0394573e-008
      626.000  3.9383631e-008
      630.000  3.2954098e-008
      634.000  3.1452121e-008
      638.000  3.1753074e-008
      642.000  3.6215056e-008
      646.000  3.3589902e-008
      650.000  2.7867303e-008
      654.000  3.2435192e-008
      658.000  3.2824508e-008
      662.000  3.2949674e-008
      666.000  3.1775043e-008
      670.000  3.3442680e-008
      674.000  3.3753854e-008
      678.000  3.1464765e-008
      682.000  3.1795074e-008
      686.000  3.1634097e-008
      690.000  2.9654245e-008
      694.000  2.9135099e-008
      698.000  3.0552404e-008
      702.000  2.8954295e-008
      706.000  3.0298003e-008
      710.000  3.1457640e-008
      714.000  3.0878528e-008
      718.000  2.9795479e-008
      722.000  2.8449941e-008
      726.000  2.8279440e-008
      730.000  2.8407048e-008
      734.000  3.1119950e-008
      738.000  3.0545200e-008
      742.000  2.7705219e-008
      746.000  3.1800835e-008
      750.000  3.1320694e-008
      754.000  3.2457905e-008
      758.000  2.9895603e-008
      762.000  3.1761639e-008
      766.000  3.2333495e-008
      770.000  3.0313433e-008
      774.000  2.6918067e-008
      778.000  2.5491110e-008
      782.000  2.8165363e-008
      786.000  2.9272395e-008
      790.000  2.8267497e-008
      794.000  2.8712433e-008
      798.000  2.9914052e-008
      802.000  2.8686822e-008
      806.000  2.7083300e-008
      810.000  2.8589225e-008
      814.000  2.9602821e-008
      818.000  3.0825810e-008
      822.000  3.0917962e-008
      826.000  3.3322153e-008
      830.000  3.4832690e-008
      834.000  3.1957531e-008
      838.000  3.2233193e-008
      842.000  3.3289963e-008
      846.000  3.1438464e-008
      850.000  3.0013541e-008
      854.000  3.2198554e-008
      858.000  9.8717820e-008
      862.000  2.0590251e-007
      866.000  3.0474743e-007
      870.000  2.7641583e-007
      874.000  6.9142444e-008
      878.000  2.7739083e-008
      882.000  2.8241003e-008
      886.000  2.6833253e-008
      890.000  2.2938043e-008
      894.000  2.3138371e-008
      898.000  2.6998126e-008
      902.000  2.9137068e-008
      906.000  2.8193508e-008
      910.000  2.6310554e-008
      914.000  2.6645312e-008
      918.000  2.3753981e-008
      922.000  2.5546804e-008
      926.000  2.8580641e-008
      930.000  2.7253058e-008
      934.000  2.6658199e-008
      938.000  2.8096006e-008
      942.000  2.9001047e-008
      946.000  2.7027619e-008
      950.000  2.8071379e-008
      954.000  2.6325438e-008
      958.000  2.5910950e-008
      962.000  2.8636378e-008
      966.000  3.1520013e-008
      970.000  3.0179447e-008
      974.000  2.8538719e-008
      978.000  2.8554551e-008
      982.000  2.9878444e-008
      986.000  2.9967651e-008
      990.000  2.7428262e-008
      994.000  2.6528821e-008
      998.000  2.6395262e-008
      1002.00  2.3878793e-008
      1006.00  2.5300774e-008
      1010.00  2.7671964e-008
      1014.00  2.7458424e-008
      1018.00  2.6197522e-008
      1022.00  2.4164556e-008
      1026.00  2.4653661e-008
      1030.00  2.7535512e-008
      1034.00  2.7579844e-008
      1038.00  2.8376673e-008
      1042.00  3.0952973e-008
      1046.00  2.8586067e-008
      1050.00  2.7704370e-008
      1054.00  3.0139784e-008
      1058.00  2.7395360e-008
      1062.00  2.8203906e-008
      1066.00  3.0335744e-008
      1070.00  2.7486994e-008
      1074.00  2.7527148e-008
      1078.00  2.8658447e-008
      1082.00  3.2725904e-008
      1086.00  3.2243326e-008
      1090.00  3.3386804e-008
      1094.00  3.0806291e-008
      1098.00  2.9293032e-008
      1102.00  2.9025112e-008
      1106.00  2.8651669e-008
      1110.00  2.5957677e-008
      1114.00  2.5156453e-008
      1118.00  2.7169891e-008
      1122.00  2.7544666e-008
      1126.00  2.6362513e-008
      1130.00  2.6387226e-008
      1134.00  2.6600714e-008
      1138.00  2.6657573e-008
      1142.00  2.7829662e-008
      1146.00  2.9198557e-008
      1150.00  2.6978371e-008
      1154.00  2.6815449e-008
      1158.00  2.8425012e-008
      1162.00  2.8811521e-008
      1166.00  2.7018492e-008
      1170.00  2.7342851e-008
      1174.00  2.7757471e-008
      1178.00  2.7537316e-008
      1182.00  2.5867667e-008
      1186.00  2.6844622e-008
      1190.00  2.5736811e-008
      1194.00  2.6510162e-008
      1198.00  2.6804419e-008
      1202.00  2.9333382e-008
      1206.00  2.8813390e-008
      1210.00  2.7652393e-008
      1214.00  2.8138487e-008
      1218.00  2.8115186e-008
      1222.00  2.6387258e-008
      1226.00  2.8074713e-008
      1230.00  2.7126943e-008
      1234.00  2.4569582e-008
      1238.00  2.6388850e-008
      1242.00  2.6241329e-008
      1246.00  2.3767305e-008
      1250.00  2.6721061e-008
      1254.00  2.5978401e-008
      1258.00  2.4537298e-008
      1262.00  2.2618985e-008
      1266.00  2.4422316e-008
      1270.00  2.3771607e-008
      1274.00  2.4343880e-008
      1278.00  2.4254139e-008
      1282.00  2.4704954e-008
      1286.00  2.5441761e-008
      1290.00  2.2967977e-008
      1294.00  2.4071029e-008
      1298.00  2.4775721e-008
      1302.00  2.5566682e-008
      1306.00  2.4335471e-008
      1310.00  2.4872390e-008
      1314.00  2.5092139e-008
      1318.00  2.6115637e-008
      1322.00  2.4701566e-008
      1326.00  2.5361832e-008
      1330.00  2.9215339e-008
      1334.00  3.0729428e-008
      1338.00  2.4255743e-008
      1342.00  2.4538886e-008
      1346.00  2.7583872e-008
      1350.00  2.4674559e-008
      1354.00  2.2421146e-008
      1358.00  2.2591422e-008
      1362.00  2.2467407e-008
      1366.00  2.2575550e-008
      1370.00  2.3193482e-008
      1374.00  2.4566331e-008
      1378.00  2.3745230e-008
      1382.00  2.4438761e-008
      1386.00  2.2824791e-008
      1390.00  2.1658304e-008
      1394.00  2.1860859e-008
      1398.00  2.1594899e-008
      1402.00  2.1624683e-008
      1406.00  2.3492118e-008
      1410.00  3.1352946e-008
      1414.00  8.1988884e-008
      1418.00  1.1372874e-007
      1422.00  4.5744981e-008
      1426.00  2.3537595e-008
      1430.00  2.4226869e-008
      1434.00  2.2961608e-008
      1438.00  2.3929982e-008
      1442.00  2.4054812e-008
      1446.00  2.4619804e-008
      1450.00  2.6805530e-008
      1454.00  2.5308729e-008
      1458.00  2.4714103e-008
      1462.00  2.5062489e-008
      1466.00  2.6836948e-008
      1470.00  2.7565045e-008
      1474.00  2.4948808e-008
      1478.00  2.3828475e-008
      1482.00  2.3872559e-008
      1486.00  2.6099352e-008
      1490.00  2.4361202e-008
      1494.00  2.4103012e-008
      1498.00  2.3125557e-008
      1502.00  2.3120318e-008
      1506.00  2.5067619e-008
      1510.00  2.4423581e-008
      1514.00  2.6654816e-008
      1518.00  3.5294213e-008
      1522.00  1.6175520e-007
      1526.00  1.5408908e-007
      1530.00  3.2709665e-008
      1534.00  2.5306349e-008
      1538.00  2.3065149e-008
      1542.00  2.2695368e-008
      1546.00  2.3816312e-008
      1550.00  2.2661625e-008
      1554.00  2.4174380e-008
      1558.00  2.3915844e-008
      1562.00  2.2942076e-008
      1566.00  2.1495864e-008
      1570.00  2.4017659e-008
      1574.00  2.4304591e-008
      1578.00  2.3130196e-008
      1582.00  2.3634869e-008
      1586.00  2.3415170e-008
      1590.00  2.2417801e-008
      1594.00  2.4924363e-008
      1598.00  2.6096467e-008
      1602.00  2.8146038e-008
      1606.00  2.6196461e-008
      1610.00  2.7646512e-008
      1614.00  2.6740071e-008
      1618.00  2.6088093e-008
      1622.00  2.5710679e-008
      1626.00  2.4421616e-008
      1630.00  2.5096223e-008
      1634.00  2.4400392e-008
      1638.00  2.3063760e-008
      1642.00  2.3449528e-008
      1646.00  2.3949887e-008
      1650.00  2.2884335e-008
      1654.00  2.3806976e-008
      1658.00  2.3278684e-008
      1662.00  2.3514457e-008
      1666.00  2.3963384e-008
      1670.00  2.3930952e-008
      1674.00  2.5040363e-008
      1678.00  2.4023226e-008
      1682.00  2.5640457e-008
      1686.00  2.4559825e-008
      1690.00  2.3152594e-008
      1694.00  2.2956840e-008
      1698.00  2.2456240e-008
      1702.00  2.3160351e-008
      1706.00  2.6267519e-008
      1710.00  2.4884493e-008
      1714.00  2.9810225e-008
      1718.00  5.8022737e-008
      1722.00  5.1982612e-008
      1726.00  4.1099164e-008
      1730.00  6.3163692e-008
      1734.00  7.1589053e-008
      1738.00  6.9549090e-008
      1742.00  3.7554732e-008
      1746.00  2.8684780e-008
      1750.00  2.8281096e-008
      1754.00  2.9913688e-008
      1758.00  3.1051981e-008
      1762.00  3.2666627e-008
      1766.00  3.3200633e-008
      1770.00  3.5062862e-008
      1774.00  1.2077335e-007
      1778.00  5.8705711e-007
      1782.00  2.9768138e-007
      1786.00  4.3539493e-008
      1790.00  4.0874636e-008
      1794.00  4.2772902e-008
      1798.00  4.5771891e-008
      1802.00  4.6664863e-008
      1806.00  4.4405896e-008
      1810.00  3.9875139e-008
      1814.00  4.0770974e-008
      1818.00  4.5072696e-008
      1822.00  4.8401833e-008
      1826.00  5.0030364e-008
      1830.00  5.4579152e-008
      1834.00  5.9523144e-008
      1838.00  6.2385207e-008
      1842.00  5.8549145e-008
      1846.00  5.5591816e-008
      1850.00  6.2284265e-008
      1854.00  7.5843314e-008
      1858.00  8.2133651e-008
      1862.00  7.6934197e-008
      1866.00  7.8214132e-008
      1870.00  8.4571432e-008
      1874.00  1.0602823e-007
      1878.00  1.1524493e-007
      1882.00  1.2039567e-007
      1886.00  1.2417084e-007
      1890.00  1.2317231e-007
      1894.00  1.0885424e-007
      1898.00  9.9783917e-008
      1902.00  7.8018691e-008
      1906.00  8.1929288e-008
      1910.00  8.0210866e-008
      1914.00  7.6954348e-008
      1918.00  6.7535809e-008
      1922.00  5.0621174e-008
      1926.00  4.2556279e-008
      1930.00  4.8535764e-008
      1934.00  4.9127462e-008
      1938.00  4.7082412e-008
      1942.00  4.1229245e-008
      1946.00  3.6497983e-008
      1950.00  3.5062286e-008
      1954.00  3.5716896e-008
      1958.00  3.3906934e-008
      1962.00  3.6606228e-008
      1966.00  3.5627478e-008
      1970.00  3.0849882e-008
      1974.00  3.0741407e-008
      1978.00  3.0072426e-008
      1982.00  3.3878284e-008
      1986.00  3.4939370e-008
      1990.00  3.1262832e-008
      1994.00  3.1529486e-008
      1998.00  2.9787378e-008
      2002.00  2.9427365e-008
      2006.00  3.0133820e-008
      2010.00  3.3033564e-008
      2014.00  3.2453481e-008
      2018.00  2.9145942e-008
      2022.00  2.7996765e-008
      2026.00  3.1665755e-008
      2030.00  3.4672134e-008
      2034.00  3.3506883e-008
      2038.00  3.0524755e-008
      2042.00  3.0547559e-008
      2046.00  3.2432001e-008
      2050.00  3.4500826e-008
      2054.00  3.7928995e-008
      2058.00  7.2794721e-008
      2062.00  7.6321178e-008
      2066.00  7.4325007e-008
      2070.00  7.6514500e-008
      2074.00  4.9101082e-008
      2078.00  7.7578145e-008
      2082.00  6.4982625e-008
      2086.00  3.2874763e-008
      2090.00  2.6888483e-008
      2094.00  3.1396554e-008
      2098.00  3.2576341e-008
      2102.00  3.0497584e-008
      2106.00  3.0421381e-008
      2110.00  3.0237181e-008
      2114.00  3.1114082e-008
      2118.00  3.2155397e-008
      2122.00  3.0457616e-008
      2126.00  3.0152042e-008
      2130.00  2.8119600e-008
      2134.00  2.7204765e-008
      2138.00  2.6572963e-008
      2142.00  2.9799107e-008
      2146.00  3.0451038e-008
      2150.00  2.8370412e-008
      2154.00  2.9201330e-008
      2158.00  2.8172405e-008
      2162.00  2.9806373e-008
      2166.00  3.0288828e-008
      2170.00  3.1853185e-008
      2174.00  2.8630272e-008
      2178.00  2.9056137e-008
      2182.00  2.9497628e-008
      2186.00  2.5972078e-008
      2190.00  2.9638604e-008
      2194.00  3.0322422e-008
      2198.00  2.9465591e-008
      2202.00  3.0407865e-008
      2206.00  2.9471105e-008
      2210.00  2.9367726e-008
      2214.00  2.8634448e-008
      2218.00  2.9896736e-008
      2222.00  2.5984462e-008
      2226.00  2.6728156e-008
      2230.00  2.7569182e-008
      2234.00  2.6092045e-008
      2238.00  2.7105394e-008
      2242.00  2.4073977e-008
      2246.00  2.3997819e-008
      2250.00  2.4021157e-008
      2254.00  2.5078617e-008
      2258.00  2.5361985e-008
      2262.00  2.4759907e-008
      2266.00  2.6391745e-008
      2270.00  2.5404324e-008
      2274.00  2.4689214e-008
      2278.00  2.5984842e-008
      2282.00  2.4567092e-008
      2286.00  2.4913033e-008
      2290.00  2.5447935e-008
      2294.00  2.6173526e-008
      2298.00  2.6453394e-008
      2302.00  2.6588182e-008
      2306.00  2.7075571e-008
      2310.00  2.7369413e-008
      2314.00  2.5422440e-008
      2318.00  2.4791134e-008
      2322.00  2.5075897e-008
      2326.00  2.6783992e-008
      2330.00  2.6777476e-008
      2334.00  2.5655707e-008
      2338.00  2.5456222e-008
      2342.00  2.5746925e-008
      2346.00  2.6148647e-008
      2350.00  2.5880270e-008
      2354.00  2.5961699e-008
      2358.00  2.7192495e-008
      2362.00  2.5301558e-008
      2366.00  2.5761943e-008
      2370.00  2.5263031e-008
      2374.00  2.1961750e-008
      2378.00  2.3229468e-008
      2382.00  2.6566144e-008
      2386.00  2.7186329e-008
      2390.00  2.6650971e-008
      2394.00  2.7796750e-008
      2398.00  2.9119600e-008
      2402.00  2.8864654e-008
      2406.00  2.6486442e-008
      2410.00  2.6355633e-008
      2414.00  2.7596720e-008
      2418.00  2.7581068e-008
      2422.00  2.8377923e-008
      2426.00  2.9804888e-008
      2430.00  2.7756983e-008
      2434.00  2.5477343e-008
      2438.00  2.6145676e-008
      2442.00  2.6414438e-008
      2446.00  2.5765784e-008
      2450.00  2.5386302e-008
      2454.00  2.7282589e-008
      2458.00  3.0175729e-008
      2462.00  4.5645862e-008
      2466.00  5.7223316e-008
      2470.00  4.2781136e-008
      2474.00  3.0335462e-008
      2478.00  2.9781253e-008
      2482.00  3.0285988e-008
      2486.00  3.2469133e-008
      2490.00  3.0623941e-008
      2494.00  2.7595907e-008
      2498.00  3.0230272e-008
      2502.00  2.9713795e-008
      2506.00  3.0235814e-008
      2510.00  3.0339304e-008
      2514.00  2.9972398e-008
      2518.00  2.8386809e-008
      2522.00  2.9316235e-008
      2526.00  2.7640026e-008
      2530.00  3.2644290e-008
      2534.00  3.2953942e-008
      2538.00  3.1903651e-008
      2542.00  3.2609077e-008
      2546.00  3.2910723e-008
      2550.00  2.9615524e-008
      2554.00  3.0696678e-008
      2558.00  3.0117997e-008
      2562.00  3.1205062e-008
      2566.00  3.1022605e-008
      2570.00  3.1468956e-008
      2574.00  3.1542799e-008
      2578.00  3.2187753e-008
      2582.00  3.2947091e-008
      2586.00  3.0907907e-008
      2590.00  3.0205117e-008
      2594.00  3.0549202e-008
      2598.00  3.1920373e-008
      2602.00  3.2996980e-008
      2606.00  2.9981808e-008
      2610.00  2.8918897e-008
      2614.00  2.8711880e-008
      2618.00  2.9970769e-008
      2622.00  3.1499483e-008
      2626.00  3.3055638e-008
      2630.00  3.0853994e-008
      2634.00  2.8331181e-008
      2638.00  3.2043675e-008
      2642.00  3.4569706e-008
      2646.00  3.1451931e-008
      2650.00  2.8851288e-008
      2654.00  3.0874648e-008
      2658.00  3.3064071e-008
      2662.00  3.0229094e-008
      2666.00  2.9830239e-008
      2670.00  3.2934690e-008
      2674.00  3.4776839e-008
      2678.00  2.8872640e-008
      2682.00  2.8522434e-008
      2686.00  3.2393192e-008
      2690.00  3.4411930e-008
      2694.00  3.0684733e-008
      2698.00  2.8518154e-008
      2702.00  3.1047970e-008
      2706.00  3.4312525e-008
      2710.00  3.1377400e-008
      2714.00  3.2488602e-008
      2718.00  3.1773735e-008
      2722.00  3.0977624e-008
      2726.00  3.1070160e-008
      2730.00  3.3068703e-008
      2734.00  3.0367977e-008
      2738.00  2.9322726e-008
      2742.00  2.8858951e-008
      2746.00  3.0884516e-008
      2750.00  3.1292822e-008
      2754.00  2.9477207e-008
      2758.00  2.9430353e-008
      2762.00  3.0031326e-008
      2766.00  3.1432655e-008
      2770.00  3.1012491e-008
      2774.00  2.8640938e-008
      2778.00  2.8386496e-008
      2782.00  2.8384998e-008
      2786.00  2.9872286e-008
      2790.00  2.8162257e-008
      2794.00  2.7999344e-008
      2798.00  3.1754699e-008
      2802.00  3.2933030e-008
      2806.00  2.9640661e-008
      2810.00  3.0571065e-008
      2814.00  3.2241699e-008
      2818.00  3.6357517e-008
      2822.00  3.2710953e-008
      2826.00  3.1858623e-008
      2830.00  3.8666972e-008
      2834.00  3.5559895e-008
      2838.00  3.0124238e-008
      2842.00  2.9362482e-008
      2846.00  3.1273073e-008
      2850.00  3.2663165e-008
      2854.00  3.2781164e-008
      2858.00  3.5367716e-008
      2862.00  4.1389879e-008
      2866.00  4.4943831e-008
      2870.00  3.5152988e-008
      2874.00  3.3275022e-008
      2878.00  3.3922623e-008
      2882.00  3.3009303e-008
      2886.00  3.4014150e-008
      2890.00  3.3659194e-008
      2894.00  3.3191106e-008
      2898.00  3.3047805e-008
      2902.00  3.2187012e-008
      2906.00  3.2927862e-008
      2910.00  3.3332310e-008
      2914.00  3.2486836e-008
      2918.00  3.3997102e-008
      2922.00  3.3934585e-008
      2926.00  3.5469554e-008
      2930.00  3.6041729e-008
      2934.00  3.5030892e-008
      2938.00  3.2902432e-008
      2942.00  3.2807791e-008
      2946.00  3.8992635e-008
      2950.00  3.5751381e-008
      2954.00  3.4029869e-008
      2958.00  3.4137867e-008
      2962.00  3.4920287e-008
      2966.00  3.7580011e-008
      2970.00  3.8693043e-008
      2974.00  3.4729758e-008
      2978.00  3.8119383e-008
      2982.00  3.6595681e-008
      2986.00  3.6900937e-008
      2990.00  3.5810433e-008
      2994.00  3.6026102e-008
      2998.00  3.6818487e-008
      3002.00  3.5150255e-008
      3006.00  3.4261329e-008
      3010.00  3.4379093e-008
      3014.00  3.8411763e-008
      3018.00  3.9401555e-008
      3022.00  3.5006316e-008
      3026.00  3.7114444e-008
      3030.00  3.8935758e-008
      3034.00  3.9130289e-008
      3038.00  3.8572311e-008
      3042.00  4.1292612e-008
      3046.00  4.1074377e-008
      3050.00  4.2493335e-008
      3054.00  3.9033246e-008
      3058.00  4.2740268e-008
      3062.00  4.0470263e-008
      3066.00  3.9627528e-008
      3070.00  3.9791590e-008
      3074.00  3.9365198e-008
      3078.00  4.2343118e-008
      3082.00  4.6095272e-008
      3086.00  4.2469388e-008
      3090.00  3.7804796e-008
      3094.00  3.9490233e-008
      3098.00  4.6534318e-008
      3102.00  4.6361436e-008
      3106.00  4.5329020e-008
      3110.00  4.3016124e-008
      3114.00  3.9794766e-008
      3118.00  4.1138234e-008
      3122.00  4.1576353e-008
      3126.00  4.1022969e-008
      3130.00  4.2438317e-008
      3134.00  4.1560863e-008
      3138.00  3.9716167e-008
      3142.00  4.0511441e-008
      3146.00  4.0277896e-008
      3150.00  3.9852844e-008
      3154.00  4.2446204e-008
      3158.00  3.9022552e-008
      3162.00  4.1573423e-008
      3166.00  4.2362503e-008
      3170.00  3.8848989e-008
      3174.00  3.8609177e-008
      3178.00  4.0016698e-008
      3182.00  3.8942581e-008
      3186.00  3.7321373e-008
      3190.00  3.6619038e-008
      3194.00  3.7850474e-008
      3198.00  3.9300513e-008
      3202.00  4.1618266e-008
      3206.00  4.2572567e-008
      3210.00  4.1762096e-008
      3214.00  4.0308395e-008
      3218.00  3.9382523e-008
      3222.00  3.8288873e-008
      3226.00  4.3231648e-008
      3230.00  4.2148587e-008
      3234.00  3.8544674e-008
      3238.00  4.0275467e-008
      3242.00  4.1817500e-008
      3246.00  4.4083393e-008
      3250.00  4.3839734e-008
      3254.00  4.1375638e-008
      3258.00  4.3960591e-008
      3262.00  4.7664556e-008
      3266.00  4.6020216e-008
      3270.00  4.3837864e-008
      3274.00  4.3638032e-008
      3278.00  4.2433915e-008
      3282.00  4.2303546e-008
      3286.00  4.0051244e-008
      3290.00  4.0403434e-008
      3294.00  4.0307763e-008
      3298.00  4.0605764e-008
      3302.00  3.7568374e-008
      3306.00  3.7866317e-008
      3310.00  3.8527179e-008
      3314.00  3.8715468e-008
      3318.00  3.7647143e-008
      3322.00  3.8439453e-008
      3326.00  4.0792327e-008
      3330.00  4.0427871e-008
      3334.00  3.8917503e-008
      3338.00  3.5060416e-008
      3342.00  3.5080384e-008
      3346.00  3.7686534e-008
      3350.00  3.6727713e-008
      3354.00  3.7344642e-008
      3358.00  3.9396961e-008
      3362.00  4.0384563e-008
      3366.00  3.7246793e-008
      3370.00  3.7913637e-008
      3374.00  3.8812563e-008
      3378.00  3.8068646e-008
      3382.00  3.7210880e-008
      3386.00  3.7108395e-008
      3390.00  4.1643811e-008
      3394.00  4.3924160e-008
      3398.00  4.3154656e-008
      3402.00  4.2468771e-008
      3406.00  4.1569066e-008
      3410.00  4.1052563e-008
      3414.00  4.1126876e-008
      3418.00  3.9515374e-008
      3422.00  3.9581410e-008
      3426.00  3.9714019e-008
      3430.00  4.1392513e-008
      3434.00  4.3382560e-008
      3438.00  4.1752677e-008
      3442.00  3.7015769e-008
      3446.00  3.9022626e-008
      3450.00  3.7590010e-008
      3454.00  4.1644271e-008
      3458.00  4.1445470e-008
      3462.00  3.8067050e-008
      3466.00  4.1389734e-008
      3470.00  3.9163610e-008
      3474.00  3.7953613e-008
      3478.00  3.6300204e-008
      3482.00  3.7994605e-008
      3486.00  3.8275881e-008
      3490.00  3.8183530e-008
      3494.00  3.8011094e-008
      3498.00  3.7520644e-008
      3502.00  4.1852710e-008
      3506.00  4.1560076e-008
      3510.00  3.9948152e-008
      3514.00  4.0507782e-008
      3518.00  4.1297524e-008
      3522.00  4.3868978e-008
      3526.00  4.1221204e-008
      3530.00  3.8148064e-008
      3534.00  3.9360733e-008
      3538.00  4.3512871e-008
      3542.00  4.2663938e-008
      3546.00  4.5900867e-008
      3550.00  2.9442067e-007
      3554.00  2.1541603e-006
      3558.00  1.6980322e-006
      3562.00  1.6248165e-007
      3566.00  4.7931614e-008
      3570.00  4.9543080e-008
      3574.00  4.4253248e-008
      3578.00  4.2420309e-008
      3582.00  4.2351019e-008
      3586.00  4.3303627e-008
      3590.00  4.3728637e-008
      3594.00  4.3709991e-008
      3598.00  4.4127695e-008
      3602.00  3.9308646e-008
      3606.00  3.8793356e-008
      3610.00  3.7505583e-008
      3614.00  3.7135325e-008
      3618.00  3.7035815e-008
      3622.00  3.7699370e-008
      3626.00  3.7715204e-008
      3630.00  4.2218065e-008
      3634.00  4.2067401e-008
      3638.00  3.9619241e-008
      3642.00  4.0910213e-008
      3646.00  4.6132975e-008
      3650.00  4.9703785e-008
      3654.00  4.5625398e-008
      3658.00  4.6015335e-008
      3662.00  6.1087415e-008
      3666.00  8.7116423e-008
      3670.00  5.8099210e-008
      3674.00  4.2368446e-008
      3678.00  3.9863323e-008
      3682.00  4.4712915e-008
      3686.00  4.7234839e-008
      3690.00  4.8766813e-008
      3694.00  4.7083801e-008
      3698.00  4.7384360e-008
      3702.00  4.7931538e-008
      3706.00  4.5472694e-008
      3710.00  4.5985861e-008
      3714.00  4.5961255e-008
      3718.00  4.8847265e-008
      3722.00  4.5061049e-008
      3726.00  4.6977832e-008
      3730.00  4.6345503e-008
      3734.00  4.6560139e-008
      3738.00  4.5390565e-008
      3742.00  4.5502754e-008
      3746.00  4.6463975e-008
      3750.00  4.4111342e-008
      3754.00  4.4635422e-008
      3758.00  4.7190764e-008
      3762.00  4.7283264e-008
      3766.00  4.3531624e-008
      3770.00  4.7911931e-008
      3774.00  4.9512051e-008
      3778.00  5.1587557e-008
      3782.00  4.6682302e-008
      3786.00  4.3396026e-008
      3790.00  4.1235272e-008
      3794.00  4.4166881e-008
      3798.00  4.0701813e-008
      3802.00  4.1233445e-008
      3806.00  4.2767871e-008
      3810.00  4.4684664e-008
      3814.00  4.0908204e-008
      3818.00  3.9278513e-008
      3822.00  4.2685517e-008
      3826.00  4.1052372e-008
      3830.00  3.8443015e-008
      3834.00  4.1689525e-008
      3838.00  3.9913034e-008
      3842.00  3.9555012e-008
      3846.00  3.8271964e-008
      3850.00  4.1169483e-008
      3854.00  4.2278897e-008
      3858.00  5.3839470e-008
      3862.00  4.6758031e-008
      3866.00  4.1629497e-008
      3870.00  4.2160087e-008
      3874.00  4.4550487e-008
      3878.00  4.4161864e-008
      3882.00  3.9750393e-008
      3886.00  3.9344048e-008
      3890.00  3.9455049e-008
      3894.00  3.8415810e-008
      3898.00  3.7633822e-008
      3902.00  4.1102146e-008
      3906.00  4.8943400e-008
      3910.00  4.5195764e-008
      3914.00  3.9357554e-008
      3918.00  4.1302815e-008
      3922.00  4.3117385e-008
      3926.00  4.3248874e-008
      3930.00  4.3182601e-008
      3934.00  3.9818338e-008
      3938.00  3.9519591e-008
      3942.00  5.3997463e-008
      3946.00  6.1396863e-008
      3950.00  5.8721917e-008
      3954.00  5.4756235e-008
      3958.00  5.4291710e-008
      3962.00  4.7121958e-008
      3966.00  5.1343625e-008
      3970.00  5.1618955e-008
      3974.00  4.9920860e-008
      3978.00  4.5603684e-008
      3982.00  4.2840497e-008
      3986.00  5.1922369e-008
      3990.00  5.4180819e-008
      3994.00  4.8580118e-008
      3998.00  4.7366474e-008
      4002.00  5.2363300e-008
      4006.00  4.7605864e-008
      4010.00  4.8226864e-008
      4014.00  5.5398955e-008
      4018.00  6.3447740e-008
      4022.00  6.0237142e-008
      4026.00  5.3682700e-008
      4030.00  6.0131962e-008
      4034.00  8.2149989e-008
      4038.00  1.2139306e-007
      4042.00  1.2269019e-007
      4046.00  7.5615650e-008
      4050.00  6.3170624e-008
      4054.00  8.0586044e-008
      4058.00  1.3193178e-007
      4062.00  1.9209744e-007
      4066.00  2.7586807e-007
      4070.00  1.1629971e-007
      4074.00  1.2795449e-007
      4078.00  2.8442061e-007
      4082.00  5.4283432e-007
      4086.00  1.9919777e-007
      4090.00  1.0859803e-007
      4094.00  5.5519144e-007